150
42 1 67
47 35 122
88 56 168
83 65 191
61 109 205
20 81 143
41 151 214
32 113 191
81 163 248
22 122 180
49 30 104
81 28 114
83 58 155
24 71 132
24 50 76
74 162 236
33 159 230
84 183 314
27 130 198
56 62 143
21 32 60
19 19 66
25 42 67
4 36 45
56 59 127
24 133 180
20 105 171
63 152 246
12 219 250
19 109 178
72 34 114
96 40 180
89 76 170
56 51 118
30 95 165
12 101 137
52 102 164
5 77 132
56 203 289
61 149 236
28 43 116
65 59 143
49 63 159
37 94 170
24 40 71
21 55 103
74 84 163
56 70 142
7 76 86
27 219 289
32 21 102
30 15 89
94 53 189
37 87 128
42 89 142
96 135 256
95 64 176
57 171 275
100 92 201
10 145 195
73 20 117
51 62 132
92 46 142
35 23 91
23 37 65
27 70 106
65 94 187
100 131 263
67 183 276
86 151 243
95 5 118
1 59 76
1 71 117
39 87 169
1 61 70
29 113 159
43 173 225
61 149 250
53 192 271
8 92 113
23 38 107
37 54 98
30 70 106
58 85 147
61 115 204
15 119 177
75 77 181
25 91 146
87 95 210
7 179 229
90 8 133
68 18 128
79 66 163
19 39 76
61 138 229
50 99 153
46 42 130
88 126 255
86 109 205
71 214 310
29 37 92
47 58 106
62 76 156
94 65 184
6 89 98
4 90 104
2 52 81
28 158 213
10 198 232
85 140 248
26 28 98
7 56 68
78 12 139
65 111 200
60 102 184
9 41 95
95 103 239
7 126 161
47 209 289
81 97 219
24 23 55
13 63 103
86 33 151
33 102 145
69 46 165
100 151 255
96 92 214
55 168 227
51 182 274
24 206 262
57 9 68
28 29 104
48 42 97
55 77 161
52 79 146
49 133 204
48 125 189
9 136 154
26 77 132
30 133 209
87 30 161
20 27 77
89 55 178
75 68 176
54 68 149
57 85 149
64 77 162
86 157 266
32 241 297
25 180 218
