500
73 41 136
32 13 53
21 46 89
90 41 168
43 30 91
20 109 178
20 58 95
68 184 295
66 140 252
64 107 192
99 42 180
45 41 136
65 68 140
42 70 143
66 74 150
78 125 253
24 116 188
9 78 99
68 159 274
100 171 296
100 35 149
22 33 63
22 30 86
35 73 122
47 76 153
28 121 190
87 78 205
25 146 190
100 129 270
81 166 268
46 0 50
48 51 107
5 67 85
43 73 135
77 93 174
2 107 130
42 119 171
96 158 260
1 205 227
82 166 294
67 11 117
75 34 119
3 23 69
60 62 169
3 62 97
74 129 239
18 138 182
51 106 203
7 122 167
82 66 189
92 5 108
10 56 84
73 63 154
72 97 199
29 76 113
24 89 155
83 151 237
58 159 253
16 148 199
87 93 186
5 32 74
68 37 131
41 38 109
59 62 123
91 75 210
24 66 98
13 121 148
95 86 197
38 177 220
37 107 161
10 14 41
1 29 49
80 67 166
59 99 187
6 63 82
99 109 240
92 118 254
36 48 99
6 160 175
47 184 253
83 28 153
10 61 93
91 57 156
91 40 158
62 87 187
9 145 168
48 65 131
7 127 146
88 178 306
27 175 243
93 14 153
56 64 121
54 69 173
87 63 193
50 62 149
72 79 192
7 87 102
18 118 154
41 128 200
51 81 133
34 42 76
96 23 157
86 63 167
44 111 204
46 105 152
64 102 186
2 74 103
87 141 245
39 72 156
3 99 106
5 7 37
20 33 69
26 84 114
42 61 144
77 85 204
69 95 207
50 57 153
24 96 151
70 67 180
55 147 210
50 19 87
79 25 134
80 54 138
84 116 242
17 82 149
26 80 150
21 149 218
66 157 227
82 167 269
6 63 69
65 9 75
47 71 121
68 65 145
27 30 93
86 70 206
60 99 191
96 193 321
20 150 208
18 99 120
71 151 268
80 6 101
33 23 85
41 70 157
58 33 104
95 59 198
46 68 121
4 131 161
84 136 257
83 117 229
54 117 193
96 9 128
56 20 81
21 29 53
59 93 152
75 77 164
28 115 191
89 54 154
75 108 187
100 156 283
92 218 346
16 10 26
9 23 32
79 81 186
6 109 136
11 74 116
31 166 197
25 43 100
71 123 241
30 208 257
90 223 352
46 15 100
3 41 80
78 81 163
72 70 167
48 132 201
89 164 270
11 168 191
96 172 287
63 107 197
45 264 329
96 48 190
9 35 83
56 55 115
1 34 61
84 135 224
82 116 221
99 120 246
82 69 191
26 156 183
31 174 235
44 35 128
94 24 123
94 25 158
99 67 212
28 56 108
44 68 155
28 106 165
8 171 181
19 140 168
37 145 203
94 7 104
5 31 43
28 44 119
66 45 129
82 116 209
66 87 168
51 111 191
23 115 145
84 189 280
59 100 181
90 12 115
66 39 125
86 76 167
28 60 122
70 95 183
80 142 262
27 127 178
51 117 196
95 204 343
3 265 304
5 16 21
17 62 99
19 32 73
72 66 155
20 79 117
25 141 177
82 150 256
53 142 232
17 101 147
77 139 222
35 34 84
77 21 136
50 39 127
99 84 217
24 116 185
64 136 217
55 79 154
63 129 206
92 218 353
91 90 199
4 31 57
50 38 137
71 44 126
40 62 109
14 75 133
51 76 133
82 77 186
39 136 208
3 78 86
21 200 233
90 47 184
50 53 133
86 74 196
90 55 146
5 114 168
50 35 96
60 84 156
29 134 170
20 99 147
30 228 285
57 49 125
71 34 125
79 38 123
80 22 130
97 116 249
86 100 189
90 108 208
60 82 192
77 118 212
79 204 312
99 3 150
37 58 133
32 41 86
77 94 174
72 42 156
28 141 199
19 58 114
51 55 149
31 117 149
42 243 325
16 7 35
16 30 65
23 67 99
69 40 154
60 67 165
58 67 137
64 142 236
33 181 228
67 176 256
47 151 209
77 17 127
98 67 206
16 36 66
35 63 141
7 80 114
6 78 114
44 160 224
64 175 249
17 111 128
1 146 165
34 28 86
95 46 146
35 39 119
97 62 163
96 78 217
27 36 100
91 73 209
81 66 157
91 175 304
50 224 320
4 28 34
81 48 177
72 60 166
51 55 122
87 50 180
14 126 168
21 93 153
83 190 313
93 223 334
12 191 203
95 34 130
30 23 77
66 52 132
3 55 92
75 142 242
73 116 224
94 104 199
70 89 208
44 164 213
39 181 259
57 14 110
28 65 97
8 89 118
3 54 67
81 52 177
94 69 198
55 173 230
100 209 342
46 158 234
7 204 240
40 28 114
56 36 140
15 55 73
90 48 184
16 91 144
69 116 198
100 132 267
39 183 248
21 117 166
66 184 277
58 44 121
34 61 102
44 96 160
78 45 150
79 87 211
78 82 188
2 114 134
5 87 131
95 70 173
96 184 316
6 39 58
94 56 174
11 53 97
25 26 78
66 73 174
49 111 187
47 139 190
42 90 133
43 140 233
66 233 335
32 19 54
95 58 187
10 18 66
60 74 152
45 55 133
13 109 154
88 142 279
50 129 227
60 182 267
79 61 180
47 15 89
28 34 64
22 53 124
50 99 155
55 100 203
97 51 156
57 162 231
3 99 123
97 175 316
76 202 323
66 32 143
23 32 97
78 43 123
24 93 139
74 65 182
20 102 172
18 82 143
63 150 217
97 198 333
40 211 289
95 45 177
31 23 65
68 58 130
28 28 76
7 122 130
36 78 127
97 111 256
58 169 257
6 63 91
39 222 302
63 22 92
25 19 94
18 46 106
89 68 204
22 92 151
51 93 183
45 130 178
34 100 138
44 95 146
43 117 164
65 34 142
16 47 74
18 68 122
41 79 154
74 60 154
82 83 205
90 117 216
59 52 155
59 143 204
99 154 264
67 20 104
98 27 147
26 58 122
93 87 195
57 33 121
89 155 288
33 59 118
68 157 231
16 217 266
92 114 218
72 29 140
72 57 138
71 52 150
31 93 155
86 144 245
14 109 146
79 159 266
62 173 269
75 166 254
96 121 249
48 3 76
58 46 120
92 28 145
27 69 107
48 64 135
52 93 148
86 80 170
1 91 142
27 174 229
99 90 229
18 49 99
12 54 98
72 62 139
80 60 179
45 41 87
38 99 150
72 157 269
98 122 224
5 145 194
7 237 265
91 29 161
50 39 114
91 12 152
25 86 135
43 114 201
66 100 177
19 181 211
60 84 177
28 122 197
33 151 209
76 37 153
1 49 53
57 54 119
37 51 137
24 94 132
83 90 202
80 168 273
72 67 143
18 160 198
78 222 305
76 34 127
5 20 30
14 40 60
90 57 168
47 87 141
34 140 208
74 136 242
63 114 193
59 102 168
21 165 215
