100
6 11 28
61 29 130
94 47 150
73 112 230
86 73 179
36 104 146
65 152 254
76 70 178
24 156 224
46 207 297
73 40 133
60 68 176
65 62 137
33 69 150
40 119 203
55 85 175
63 89 159
96 48 156
16 153 213
59 179 246
88 7 99
33 49 104
89 45 144
85 90 201
97 86 210
23 50 111
41 114 161
63 139 242
94 116 213
36 218 273
40 46 122
75 7 114
30 46 78
1 78 98
74 58 176
1 55 89
93 71 189
82 154 279
21 141 171
23 75 113
94 0 100
22 23 85
36 16 82
26 85 120
87 107 223
72 87 178
11 90 132
47 150 225
21 111 135
24 163 232
100 16 122
16 23 63
25 47 96
46 57 110
88 36 124
46 129 192
45 116 167
82 105 198
49 149 244
37 224 271
68 39 136
75 36 136
55 72 132
62 47 111
79 73 188
71 122 209
3 168 194
37 70 126
32 110 174
12 117 168
36 3 76
53 32 128
48 53 132
67 40 113
38 107 176
39 116 198
70 59 149
36 151 216
72 139 235
99 242 377
85 21 142
67 50 123
15 53 82
44 94 175
8 114 162
96 93 228
23 81 141
57 188 268
86 89 222
1 45 50
29 46 79
84 39 165
6 88 119
58 39 125
28 40 83
92 59 160
41 98 151
47 138 189
20 162 183
89 237 368
