250
69 8 77
67 65 167
54 66 154
62 67 161
98 114 233
63 129 196
54 172 238
68 150 236
35 87 146
7 73 130
42 4 72
22 42 85
23 38 66
33 113 152
23 78 124
32 114 183
44 130 185
30 126 171
14 179 238
42 226 287
78 27 130
60 55 119
60 45 131
80 76 185
54 69 131
44 56 140
80 146 247
42 176 230
8 92 110
84 72 198
8 50 73
95 56 152
18 43 70
80 68 168
10 106 156
37 28 111
43 101 148
97 119 257
59 122 203
62 199 291
75 11 107
87 22 153
93 48 153
92 78 193
95 122 260
37 88 147
98 78 226
69 100 193
13 123 164
56 83 184
5 0 20
10 61 89
36 30 97
13 112 156
89 82 201
83 116 223
80 72 189
47 72 152
81 86 168
27 188 224
56 0 67
86 70 184
33 19 88
24 112 145
73 71 156
20 91 113
76 163 279
16 154 182
96 110 251
59 173 238
62 6 78
20 28 97
43 35 99
25 65 134
41 74 140
65 29 103
40 144 204
41 121 193
59 135 208
90 232 336
19 3 40
84 65 174
2 54 68
25 114 183
51 110 166
71 145 241
33 84 167
78 78 162
64 193 275
1 153 198
30 36 103
69 9 78
89 49 155
6 81 127
80 91 218
62 81 164
27 80 143
42 120 193
93 194 326
47 239 304
34 18 62
56 36 106
46 37 90
27 91 168
67 112 191
58 89 191
40 60 125
84 108 207
45 169 248
97 70 216
16 37 85
12 21 67
61 60 168
64 79 158
81 113 214
44 161 219
57 71 172
81 82 183
46 176 254
75 150 240
61 39 131
71 33 115
25 63 110
68 93 190
3 125 176
66 81 185
4 155 168
11 97 116
18 187 230
52 141 226
11 50 62
72 50 138
21 44 85
84 30 138
29 81 142
36 133 200
11 155 212
48 133 222
31 91 132
66 124 229
5 16 49
22 5 38
6 40 46
40 45 133
58 88 186
90 94 215
81 79 192
99 48 177
98 174 321
8 166 184
78 35 118
18 57 119
69 64 160
92 61 155
60 103 178
36 154 216
4 115 139
51 195 252
97 168 295
74 132 207
27 34 74
2 42 88
39 65 122
66 62 157
59 38 122
17 103 164
65 98 204
50 63 113
8 108 128
18 212 246
6 45 98
82 32 145
23 83 144
53 50 124
43 121 178
12 127 186
38 157 234
57 67 126
84 194 295
86 78 209
59 15 108
78 67 152
86 50 175
83 89 215
48 64 117
66 102 204
76 60 153
2 168 216
98 91 226
66 113 212
5 14 59
33 44 94
24 66 129
31 88 155
12 111 127
76 111 199
56 139 216
14 74 138
54 100 154
14 231 269
99 3 120
4 42 55
64 65 175
54 88 151
75 109 226
69 52 122
68 164 266
89 104 227
22 100 137
21 224 292
71 24 110
20 32 98
40 72 128
84 49 146
88 66 200
22 109 165
89 186 309
29 86 119
91 201 293
66 63 145
14 21 39
35 29 87
26 70 138
15 25 46
85 52 142
46 38 91
31 136 187
66 209 305
14 124 183
40 108 178
29 16 48
97 42 156
76 57 163
43 76 140
60 77 141
29 87 118
87 78 205
5 151 162
81 72 182
52 179 263
71 9 111
60 65 136
54 55 117
50 49 117
68 93 207
59 66 147
66 155 250
13 120 136
16 205 240
63 201 313
