50
37 32 73
69 49 158
29 73 132
4 46 94
78 104 214
71 134 242
76 87 195
24 108 133
67 173 287
55 174 239
96 48 157
72 33 144
58 52 147
29 45 84
71 80 197
40 117 177
47 128 215
15 105 128
99 175 293
83 221 342
53 14 91
75 53 153
78 81 190
27 93 146
52 89 169
6 145 167
71 130 245
89 86 187
32 138 189
7 248 282
88 37 170
14 51 71
83 82 174
35 24 61
85 137 267
85 119 219
25 88 157
87 202 335
99 139 263
87 235 344
59 46 144
3 13 29
7 36 90
88 61 168
6 112 118
90 125 252
39 133 181
69 100 209
32 154 224
4 220 251
