200
28 0 70
12 23 77
14 46 96
78 44 170
20 59 124
89 105 222
34 165 247
3 75 114
98 105 206
79 148 254
81 46 139
20 27 47
50 48 112
59 65 144
2 127 177
71 119 215
32 129 187
96 79 223
87 90 214
84 223 335
34 15 55
59 18 86
54 61 142
90 63 168
68 87 180
77 154 237
97 125 243
84 153 264
52 81 144
85 110 214
9 28 48
83 44 158
96 62 166
99 36 140
69 143 230
18 133 190
88 114 241
43 74 155
8 109 129
35 205 255
88 0 89
18 24 51
83 32 149
20 74 124
23 71 105
40 95 156
43 151 238
3 86 131
46 113 172
56 248 335
98 23 130
41 41 83
73 23 110
21 84 129
64 24 123
42 157 209
31 46 120
97 193 339
83 142 225
16 93 125
66 33 134
23 45 118
24 72 98
86 77 175
43 110 197
71 39 120
97 110 228
24 112 173
63 181 274
57 81 175
56 34 104
61 35 112
61 48 121
24 45 119
70 36 110
89 65 179
49 75 127
7 95 127
40 72 144
1 238 271
7 0 48
67 12 86
11 46 99
69 27 104
60 74 172
41 157 236
83 50 178
48 148 208
9 173 232
100 238 374
60 22 106
64 13 94
33 73 121
65 81 170
43 117 168
38 110 179
67 175 277
70 117 237
50 193 257
24 217 270
16 13 57
92 49 176
14 43 97
62 53 118
73 75 193
10 70 101
53 95 164
22 161 226
25 124 197
47 192 276
66 49 150
97 53 196
30 80 156
55 69 170
82 29 113
72 94 171
85 103 223
28 126 175
99 239 340
75 164 273
62 28 134
22 36 95
89 39 143
36 85 142
70 50 161
65 98 188
1 149 180
69 188 273
55 124 197
5 197 203
95 43 157
52 55 139
30 51 120
89 59 178
58 42 132
88 123 246
26 105 177
22 197 235
70 122 235
23 97 165
61 19 129
34 26 89
96 75 214
34 104 178
8 63 101
37 127 170
8 126 134
51 147 246
56 112 218
44 230 305
26 37 86
12 19 72
44 38 108
49 39 96
36 114 163
68 112 199
76 119 242
51 141 239
66 141 248
80 222 350
82 17 118
57 40 125
40 66 108
93 107 223
25 122 194
87 158 276
41 133 209
14 139 196
70 52 164
67 159 272
19 26 83
36 23 106
31 20 57
49 64 149
87 112 212
1 124 168
99 146 266
28 99 130
1 130 150
6 127 145
31 9 42
23 66 99
86 25 156
84 62 161
52 134 192
56 104 165
81 45 160
54 172 234
27 42 114
64 134 239
86 25 127
48 61 136
29 67 99
63 30 116
15 65 83
77 128 254
66 68 139
77 183 308
82 213 317
94 74 195
