450
23 25 56
32 21 100
9 43 64
28 54 110
14 102 118
38 141 219
30 122 199
80 81 181
96 220 363
59 204 269
65 8 123
48 56 111
61 35 116
82 55 171
35 81 119
98 97 229
65 72 172
20 96 130
69 65 171
80 217 318
71 13 93
83 47 152
27 87 134
57 97 190
37 59 110
14 107 167
10 72 117
4 172 226
44 173 226
2 191 202
33 50 100
95 30 155
13 30 87
88 67 187
72 104 195
71 90 199
83 168 251
52 128 205
58 183 275
8 108 120
54 30 116
43 49 141
29 37 84
19 92 129
40 86 153
10 92 113
95 133 273
71 127 226
59 140 244
100 145 250
64 17 93
28 26 94
92 73 191
68 66 134
69 110 207
14 121 149
77 73 154
25 97 126
64 208 314
73 248 356
2 0 35
98 16 138
10 80 129
67 63 145
99 83 199
43 142 234
8 56 106
46 142 203
83 155 282
37 218 299
88 27 126
85 23 146
35 41 84
34 81 124
99 82 198
2 91 132
27 129 188
82 148 261
90 118 244
100 167 298
93 8 130
12 54 101
19 46 98
17 53 102
11 104 141
78 110 192
76 113 221
18 127 166
92 185 309
32 219 284
67 27 105
31 52 107
61 47 119
57 84 168
79 80 159
29 111 176
6 69 113
35 52 118
93 99 220
69 82 158
75 6 129
22 61 90
61 80 154
95 68 192
85 79 186
52 72 126
66 137 213
31 210 286
42 212 265
40 48 105
60 5 75
69 50 120
8 74 128
37 61 137
54 98 186
63 154 243
52 48 119
66 133 233
29 208 254
94 194 329
41 48 134
63 36 149
27 41 79
25 67 131
43 92 145
31 125 171
98 122 224
51 147 207
28 82 147
43 117 169
69 50 148
64 53 146
62 78 170
94 85 185
98 58 167
44 33 127
25 133 208
97 138 267
5 82 125
32 176 209
85 12 120
17 32 64
50 70 157
25 98 167
45 110 155
72 67 176
96 141 243
97 79 176
77 204 302
90 130 221
49 42 136
13 23 68
80 72 194
71 65 151
2 131 174
85 92 203
68 65 157
9 167 178
25 128 199
27 196 259
28 43 97
88 36 153
77 79 191
72 83 186
45 128 188
69 31 109
79 137 266
88 126 231
12 162 180
83 127 222
11 0 15
28 18 61
34 29 87
70 22 136
82 78 206
96 96 198
87 157 285
75 122 243
53 171 240
45 145 191
8 29 74
74 14 120
47 48 111
11 52 76
67 86 196
29 72 127
58 73 146
64 172 279
65 188 297
86 183 281
49 35 86
89 21 135
46 71 131
51 65 146
78 29 109
70 75 167
14 103 125
50 165 249
53 184 242
49 156 224
65 37 117
81 41 139
58 24 104
67 46 150
52 33 110
94 131 232
52 109 196
83 138 247
62 197 307
78 78 168
72 47 132
65 55 126
29 84 127
53 88 163
92 101 220
27 66 115
14 102 157
39 67 156
79 158 252
89 167 274
84 43 149
88 27 150
95 66 162
99 17 137
7 82 127
95 89 191
56 109 194
56 135 213
65 204 288
85 80 166
56 35 118
9 13 56
95 45 158
77 117 219
52 117 183
100 159 307
89 136 263
53 108 168
33 43 91
46 180 240
50 46 114
47 48 112
75 61 159
60 80 149
87 50 164
57 143 224
33 94 167
66 116 202
32 91 154
24 190 222
29 17 55
48 54 138
45 59 151
38 46 100
38 99 161
50 96 154
59 60 163
31 80 140
33 143 203
30 158 235
12 7 25
69 65 175
91 92 218
50 94 168
96 39 148
36 54 97
43 121 180
25 166 207
74 189 299
66 169 241
10 13 36
34 21 66
79 94 185
6 90 126
12 119 158
10 157 200
86 57 183
8 192 220
85 170 277
23 163 227
36 18 100
63 64 164
97 15 131
14 79 132
29 61 110
81 116 215
37 74 126
31 110 171
12 202 243
75 120 229
14 12 59
31 57 125
93 58 158
76 60 184
7 55 98
54 132 191
29 107 146
98 123 249
38 92 154
25 238 311
87 1 124
81 25 106
65 40 117
39 71 112
87 64 174
68 76 170
42 178 221
12 171 228
99 88 203
1 248 268
37 47 131
24 30 55
19 30 83
84 67 165
67 110 206
21 29 98
45 100 195
50 165 239
94 207 332
88 104 215
72 42 134
86 44 144
87 82 184
72 63 165
25 126 153
52 30 85
14 74 120
76 167 286
72 87 181
32 234 316
54 11 65
61 21 122
43 46 113
33 69 105
9 50 92
28 157 208
72 53 127
31 104 180
100 144 288
34 74 131
12 25 82
98 42 189
5 46 93
84 78 200
12 120 147
62 90 161
85 163 279
83 74 178
82 114 243
59 114 189
82 41 157
52 52 118
78 68 170
23 80 132
26 57 88
74 106 230
67 123 203
66 60 136
87 143 258
8 215 271
28 43 93
39 37 113
13 32 45
40 38 124
21 82 150
49 92 175
54 126 185
59 101 169
48 105 162
12 197 243
23 19 64
87 27 148
23 51 82
33 62 132
50 97 152
46 92 188
54 163 217
76 137 219
33 130 206
36 86 143
40 25 65
4 59 101
67 56 147
86 73 193
23 98 165
75 88 177
56 88 188
93 120 235
80 130 236
8 133 152
34 33 105
78 64 163
18 70 132
66 71 161
79 77 185
45 83 164
59 129 214
38 145 207
36 91 146
36 128 173
81 22 135
99 29 128
8 66 115
44 51 137
9 42 73
68 71 167
2 92 128
19 136 170
46 92 139
53 182 269
94 48 169
64 46 145
6 59 111
23 24 82
41 120 186
97 154 263
45 139 226
100 103 248
90 126 246
19 181 210
66 24 108
34 36 81
52 49 112
13 98 137
51 91 166
18 118 166
42 138 197
30 79 121
26 78 140
77 207 333
61 26 88
89 46 139
13 50 78
71 89 171
29 62 108
14 26 68
69 186 281
96 145 251
51 152 243
28 54 126
45 31 84
11 28 45
20 72 141
100 77 197
87 66 166
43 154 228
45 43 90
68 110 215
98 155 280
56 98 199
