350
75 37 141
87 57 144
18 47 104
33 87 158
60 105 206
85 61 165
23 154 217
31 186 234
27 136 183
33 152 208
85 26 118
23 41 111
78 76 174
1 59 106
34 112 182
23 95 162
55 81 172
48 134 197
95 142 238
45 86 171
95 5 100
19 28 86
62 80 166
24 55 113
10 54 72
3 101 118
49 125 193
44 126 220
81 152 283
35 235 270
83 26 126
7 60 82
78 35 163
32 46 118
65 93 194
16 72 116
44 126 176
6 85 105
71 204 319
72 84 183
26 25 97
66 43 142
28 75 127
65 59 150
15 83 129
46 114 181
86 122 238
36 157 195
88 157 252
66 106 206
52 17 105
89 44 136
68 57 157
31 52 113
51 60 114
29 140 187
98 166 268
68 117 219
96 164 267
30 96 130
10 50 88
52 34 104
23 61 129
66 74 188
23 56 113
51 83 154
19 115 159
20 67 95
8 63 108
91 168 295
52 41 109
22 25 97
50 50 150
97 50 149
92 84 199
3 79 128
64 148 255
70 169 264
81 93 205
37 141 193
91 0 102
86 48 179
30 41 91
88 57 189
57 85 185
67 109 218
12 127 150
20 174 242
54 79 147
10 195 251
91 1 93
49 49 98
82 53 170
15 92 124
35 92 154
47 74 125
16 68 99
35 108 147
15 109 145
37 80 156
1 20 45
40 47 137
1 64 109
70 102 222
87 79 212
3 140 158
12 111 155
44 139 190
12 169 216
21 135 192
37 49 89
1 67 75
60 51 142
33 56 109
12 60 93
98 56 165
95 88 210
9 139 177
82 131 247
29 161 209
12 29 78
72 61 139
39 90 152
72 59 150
73 59 144
76 144 264
13 106 162
8 166 184
35 153 191
18 100 164
60 32 99
2 29 46
29 67 128
17 30 67
9 25 53
24 39 103
58 69 156
33 117 198
74 173 273
27 183 215
28 18 84
42 28 102
81 88 209
5 82 92
46 85 151
64 157 242
62 108 218
23 92 158
76 57 157
10 76 130
25 22 52
80 12 106
26 42 118
58 85 172
99 80 208
2 86 134
74 102 180
3 110 115
69 101 185
84 157 272
63 40 103
77 51 178
82 73 187
67 73 157
35 51 92
8 74 98
45 119 167
16 158 213
96 188 313
61 211 281
13 16 40
35 51 93
8 98 138
28 83 117
74 114 197
43 111 187
63 107 214
7 36 89
99 92 218
83 102 204
87 6 117
63 73 164
5 65 84
98 35 172
67 104 189
53 98 172
49 144 237
43 99 173
92 156 267
80 136 217
24 20 57
28 56 88
37 48 95
63 79 165
37 55 125
25 141 182
33 113 174
88 140 229
44 65 136
10 105 147
92 50 189
20 14 71
100 52 195
88 70 201
70 123 203
62 100 189
45 84 139
72 157 250
57 195 300
28 98 150
12 3 45
40 18 96
77 52 131
60 108 192
70 90 195
73 69 142
45 156 214
56 105 182
73 158 258
55 162 230
33 10 43
75 43 118
97 46 191
89 69 163
10 59 93
58 65 158
72 128 224
18 187 242
64 129 193
23 139 183
84 22 139
49 16 85
36 69 151
62 87 173
64 135 199
40 115 169
36 84 133
90 133 273
1 68 75
78 199 296
81 15 135
50 36 86
59 41 111
36 50 108
42 41 133
57 83 143
25 109 164
50 63 127
66 92 174
37 227 274
53 11 95
50 25 110
88 78 168
62 50 155
51 62 122
90 60 174
96 108 221
84 187 286
51 137 235
86 185 274
64 38 132
100 35 136
81 29 159
8 23 36
18 131 169
36 92 166
77 79 175
88 168 262
68 188 257
2 202 253
10 11 36
28 44 114
28 43 115
68 66 169
47 33 81
55 125 207
89 97 203
34 108 145
20 197 251
26 212 286
6 34 73
94 54 186
25 76 150
100 34 152
43 72 133
7 36 69
34 99 179
47 56 135
84 135 262
47 150 201
17 47 89
26 25 77
12 82 125
89 44 163
87 99 203
54 73 142
42 92 164
24 106 164
92 93 216
79 172 291
53 17 82
10 46 56
55 39 135
37 49 132
1 38 62
98 58 173
94 101 214
93 106 245
89 113 220
68 154 232
74 5 114
36 21 100
36 45 90
98 80 205
52 84 185
42 74 136
48 63 142
55 192 255
38 168 221
84 177 282
75 27 122
3 74 92
76 40 159
94 89 207
58 99 157
57 153 227
90 145 274
13 124 178
54 89 189
65 185 265
86 18 129
38 58 107
15 96 111
15 60 97
46 56 116
69 148 227
12 37 74
61 184 276
72 216 311
18 208 255
86 28 149
14 51 93
31 43 116
89 66 165
46 105 200
55 145 211
63 127 235
87 103 222
10 147 166
18 160 203
