300
59 28 93
1 58 104
96 68 190
61 84 157
73 72 193
37 145 205
51 84 181
22 80 119
41 145 219
2 109 123
11 18 38
76 48 156
49 48 114
55 103 171
66 71 157
47 124 197
17 30 91
71 134 228
98 188 323
32 225 277
8 14 44
57 12 73
21 34 58
12 83 143
69 66 148
27 128 175
55 51 149
49 70 121
20 235 294
100 217 327
53 18 77
91 30 166
23 58 120
24 41 89
54 115 170
1 136 174
74 136 229
88 171 305
43 93 137
97 113 219
51 13 100
38 36 74
37 29 67
52 84 180
14 65 129
68 123 218
85 62 169
72 127 222
57 115 197
94 231 373
15 13 34
68 8 110
89 33 166
57 88 171
28 67 99
75 41 146
53 163 235
57 95 158
66 136 229
19 166 190
55 48 111
75 48 144
76 25 106
15 86 151
22 69 125
94 64 201
26 109 156
98 217 336
74 222 336
38 151 200
46 40 121
2 8 36
1 32 83
74 54 133
55 67 134
43 114 207
93 155 279
42 92 172
70 142 238
73 81 169
16 43 86
55 49 152
65 69 138
99 79 197
58 80 170
58 108 166
75 102 206
39 164 244
69 201 318
52 123 225
21 11 77
90 12 143
95 12 154
97 45 167
15 73 118
49 72 164
36 116 174
96 115 241
3 136 177
94 240 369
15 5 54
60 8 97
72 46 130
92 80 214
21 106 168
86 90 184
40 123 175
87 160 263
76 132 250
58 167 258
55 21 103
84 13 107
60 62 129
66 30 136
77 106 189
73 93 205
82 165 292
50 71 135
30 154 230
37 79 127
92 21 155
61 22 91
2 64 67
95 41 153
90 42 177
29 98 149
80 175 262
78 189 269
33 63 99
79 73 200
80 29 114
71 19 119
12 36 76
50 61 130
31 62 102
29 82 137
57 124 194
46 119 206
51 184 241
45 239 285
92 8 116
61 69 171
36 49 112
84 50 178
70 65 136
10 114 137
3 76 90
3 176 214
93 105 244
15 211 245
40 27 93
59 55 150
39 58 108
40 54 98
75 61 157
28 162 192
32 159 196
50 147 220
75 98 198
65 111 223
80 2 111
35 51 124
28 44 113
70 22 114
51 86 142
57 152 234
46 151 206
84 216 316
8 177 193
21 146 175
89 32 124
9 22 63
72 50 158
58 63 144
18 89 130
4 66 99
97 85 192
91 141 268
98 64 206
54 205 268
99 45 183
50 70 121
57 69 161
91 39 142
12 111 173
95 110 253
5 72 123
45 194 240
47 224 297
76 246 357
70 44 163
79 56 153
44 53 141
59 79 176
38 60 148
29 80 115
6 75 109
39 178 250
6 172 194
86 78 168
37 6 74
93 14 130
68 42 113
45 93 153
99 81 224
4 110 136
60 126 214
54 74 145
95 150 254
45 244 309
4 23 48
14 35 97
26 72 104
94 94 232
39 120 195
3 114 123
51 161 243
10 214 230
31 75 156
30 126 192
25 49 81
74 61 171
9 86 113
5 76 82
24 48 111
83 86 181
38 148 202
86 150 261
93 114 207
62 96 203
71 35 135
31 40 75
58 37 143
85 75 177
90 44 139
79 126 249
55 167 247
85 156 289
65 152 264
81 180 266
8 8 63
25 58 89
23 40 83
76 107 217
46 98 186
30 102 161
27 76 143
23 109 159
93 77 200
8 138 168
51 14 68
69 15 134
81 31 123
49 68 125
34 62 120
36 91 150
57 152 241
37 48 115
95 110 209
90 238 337
38 29 101
48 38 117
34 39 117
6 67 116
47 133 199
46 142 232
28 93 149
14 105 136
78 101 195
33 81 134
21 48 77
39 41 91
19 32 89
23 54 99
95 104 215
74 77 180
24 49 117
7 61 81
32 58 128
67 67 172
29 47 76
89 30 136
66 74 163
58 86 151
84 68 171
75 90 172
23 111 156
82 127 226
25 135 181
27 74 111
96 6 142
91 27 141
64 29 113
48 62 126
16 105 121
33 112 189
64 62 166
90 182 277
2 184 228
73 109 208
