400
80 27 118
61 6 117
59 54 160
81 66 184
76 117 241
23 85 132
7 90 133
34 80 159
52 153 228
17 61 111
82 41 129
55 17 78
11 64 103
97 50 178
56 132 201
9 111 121
94 153 267
95 102 212
25 116 182
57 230 303
3 15 41
60 27 115
56 81 149
94 95 203
71 131 216
34 53 106
46 63 111
60 142 211
21 86 111
77 179 274
67 33 101
76 41 152
76 10 95
10 83 143
59 109 200
98 46 147
52 122 217
7 81 130
11 192 204
96 108 221
35 34 71
52 22 83
82 57 175
29 71 118
9 117 126
4 101 111
76 74 179
7 98 143
7 133 166
10 156 191
34 35 88
41 49 96
34 72 125
26 74 121
88 87 205
93 97 201
79 31 125
38 108 156
83 110 193
16 208 230
51 11 62
20 57 81
86 56 160
48 87 168
22 81 113
79 135 264
52 116 193
75 61 142
11 101 139
31 157 226
30 7 74
60 24 90
56 57 155
3 74 78
95 28 165
25 27 94
50 151 221
100 40 162
57 212 311
40 79 155
31 9 59
12 15 69
27 58 96
84 66 156
16 90 133
99 90 211
15 95 154
23 84 122
95 217 360
39 134 222
93 44 152
87 44 141
97 62 177
69 28 120
18 126 189
88 139 252
38 50 107
7 46 85
79 214 329
4 227 260
25 16 50
75 23 98
69 25 133
49 93 158
53 39 109
47 87 175
58 103 204
5 163 214
5 88 100
37 107 160
16 22 56
52 55 128
54 66 167
15 80 138
58 35 108
12 134 182
66 102 189
75 182 297
6 110 150
96 88 199
37 47 118
2 42 82
53 63 153
46 66 118
11 65 126
16 127 147
35 88 139
60 54 161
57 174 266
80 58 183
59 27 87
17 59 93
94 59 167
27 97 164
88 126 217
29 68 144
16 90 137
51 166 241
4 139 161
41 181 236
14 1 22
83 35 144
92 76 204
31 59 99
96 53 157
14 168 205
7 136 185
55 181 239
84 202 322
79 242 358
95 5 133
36 11 54
74 58 158
56 65 170
40 82 146
97 146 243
95 68 205
96 113 219
11 74 129
10 259 310
85 12 99
71 13 108
21 80 140
98 56 195
50 73 166
72 75 177
31 121 186
100 44 179
100 180 297
2 192 241
69 13 115
88 41 154
44 61 155
38 84 170
55 88 179
27 122 185
83 154 266
95 118 218
23 102 151
70 89 163
83 17 141
53 35 129
49 29 117
51 66 142
57 119 216
96 71 189
16 144 179
11 101 157
60 125 230
65 239 335
7 33 73
93 53 195
13 35 55
68 65 138
29 89 157
17 98 126
35 62 111
67 153 243
54 205 304
96 196 298
56 11 84
80 20 135
28 56 98
56 73 146
83 82 197
80 84 199
65 179 280
9 179 194
74 205 319
86 110 212
87 47 183
73 55 142
46 40 97
14 96 127
100 85 213
5 115 161
95 155 264
43 47 132
14 97 140
27 185 261
30 8 77
93 26 137
14 41 73
8 80 102
67 90 199
50 53 115
49 30 125
49 179 250
82 227 345
12 221 235
66 13 128
89 63 187
14 66 118
100 70 218
87 116 219
76 115 225
99 114 217
67 165 281
42 214 277
51 70 154
4 3 20
79 37 157
11 50 93
47 77 130
51 111 172
7 85 139
20 138 173
72 96 187
41 109 155
98 125 250
95 43 163
66 29 95
26 55 103
100 81 205
40 67 153
37 82 146
39 154 238
93 189 310
61 77 142
6 129 184
4 7 29
89 63 194
1 66 115
35 81 131
93 88 226
71 142 256
33 175 212
19 140 201
100 211 340
97 47 166
79 16 108
1 33 77
74 61 184
36 71 131
96 81 190
24 57 107
55 91 160
39 134 213
31 178 240
33 89 144
2 15 42
50 35 89
82 39 166
57 51 146
90 77 172
73 139 238
36 123 200
87 83 212
34 225 289
23 153 193
10 3 30
79 17 100
78 59 160
8 82 91
19 123 185
88 46 184
52 169 242
48 62 155
27 89 155
54 231 332
47 31 98
74 68 142
45 40 103
17 70 98
92 55 188
67 83 160
65 142 237
63 85 174
77 121 237
89 83 221
55 22 118
73 44 150
35 39 98
1 86 96
77 79 157
28 91 161
80 97 202
17 64 120
19 139 196
93 165 305
7 40 77
19 20 79
59 52 152
50 74 164
59 86 179
73 152 262
96 52 196
39 96 160
90 239 338
81 226 349
45 46 124
80 51 179
85 19 133
50 56 119
59 118 207
1 68 70
78 78 170
37 164 212
39 79 142
96 159 278
82 49 155
47 42 132
83 82 197
18 59 86
42 128 173
11 49 72
17 160 185
50 91 183
4 135 167
65 72 166
81 33 116
8 28 46
3 66 104
7 70 97
19 90 154
1 84 93
89 63 191
69 161 235
31 178 214
91 77 200
44 34 118
99 21 153
45 21 111
69 56 150
17 41 102
48 60 130
61 144 237
58 147 245
15 54 76
49 106 182
23 29 56
16 50 107
51 63 156
96 92 231
85 76 161
34 120 169
9 159 205
14 130 153
81 113 208
22 237 309
30 13 49
19 23 77
8 55 89
99 78 185
73 66 155
10 53 63
50 125 216
51 104 192
4 167 218
31 60 141
85 38 164
82 17 136
80 14 128
20 104 144
25 47 83
56 111 186
74 158 258
88 52 175
74 121 239
67 124 200
