450
12 112 129
7 952 960
13 487 505
15 710 729
20 409 433
1 302 308
6 779 789
19 383 402
4 470 478
20 173 198
6 191 199
2 32 35
9 533 542
11 238 253
3 387 391
16 1086 1106
8 965 976
6 832 841
13 1108 1123
8 406 415
19 190 214
3 193 199
9 747 759
19 74 94
3 384 388
16 338 355
6 504 511
7 268 279
7 288 300
3 18 22
7 286 294
9 820 831
8 547 558
16 473 492
10 209 223
9 22 33
16 270 291
16 501 521
11 411 427
11 1035 1049
5 1059 1069
16 1081 1097
3 346 349
17 351 372
13 367 383
7 444 456
20 154 176
19 697 717
7 857 864
16 269 285
9 559 572
1 40 45
13 543 558
11 812 824
7 387 395
9 478 490
17 538 555
16 354 371
15 363 381
20 694 714
4 610 618
6 81 92
19 356 379
9 785 798
2 144 149
17 341 359
5 753 761
10 1043 1058
7 900 912
11 949 963
13 419 433
5 312 320
13 5 20
11 317 331
18 336 359
12 694 711
13 144 157
20 756 778
15 484 499
2 601 608
14 60 75
13 269 286
6 127 135
2 1122 1128
4 810 818
10 482 492
2 60 66
16 1107 1123
15 843 862
17 241 259
14 591 608
7 1091 1103
12 761 774
13 141 154
2 1096 1101
6 439 447
15 245 262
9 228 238
6 346 356
16 283 304
3 604 607
14 97 112
6 824 832
9 1033 1045
2 201 205
20 306 331
6 443 449
5 282 292
17 530 547
5 376 381
16 591 610
17 1 18
5 551 561
14 160 176
6 969 975
18 531 551
16 273 291
12 479 495
9 97 110
3 353 358
11 370 382
18 266 286
10 711 723
5 212 219
12 180 195
8 405 414
15 586 606
18 276 297
7 181 191
15 1057 1075
8 831 839
9 948 962
17 78 96
10 977 992
19 1032 1053
16 1077 1097
17 236 258
13 225 240
3 425 431
13 235 249
9 596 610
18 728 749
5 19 26
18 541 564
4 1046 1055
5 518 527
13 919 935
10 222 235
12 534 548
5 23 32
12 376 389
10 432 443
18 282 301
7 403 412
10 750 760
19 276 298
16 794 814
12 534 548
8 517 529
16 133 153
9 27 41
15 337 353
10 800 814
7 207 216
5 320 325
8 1107 1115
3 263 269
2 880 885
18 843 862
6 354 362
4 355 363
16 1119 1136
7 934 946
7 1016 1026
18 112 132
13 212 229
12 1008 1021
11 594 606
1 233 234
15 283 298
2 1013 1019
19 12 31
2 429 435
15 143 159
4 86 93
16 375 396
6 158 164
15 6 26
1 68 72
8 507 516
12 4 17
18 434 454
17 814 835
1 877 879
13 558 576
12 630 647
12 220 235
9 246 255
5 413 418
16 679 697
11 401 416
17 241 263
20 743 765
12 65 77
18 929 947
8 1006 1016
2 732 739
14 684 700
17 118 135
7 869 876
1 1034 1040
14 806 820
1 171 176
18 862 883
7 831 843
7 953 965
17 179 198
14 975 990
17 283 305
11 628 642
4 333 342
20 140 160
12 122 138
20 790 815
5 323 331
10 38 48
14 959 974
4 1005 1010
3 172 178
11 728 744
7 284 291
11 1109 1121
19 195 214
12 212 229
6 301 309
5 356 366
4 227 231
3 87 90
17 236 255
10 556 570
13 134 147
1 387 389
14 421 438
7 759 768
8 365 373
8 144 156
12 109 123
15 1093 1113
8 123 132
10 518 528
14 129 143
2 478 481
15 975 993
10 86 100
7 10 22
7 864 872
6 792 800
20 1048 1073
3 55 62
12 774 787
18 225 247
11 452 464
3 907 912
5 759 766
7 263 273
2 397 400
6 4 10
14 289 303
17 452 472
6 5 13
16 990 1007
4 503 508
12 974 988
16 867 884
11 921 933
13 415 430
6 652 663
13 580 597
3 402 410
1 457 461
17 60 80
16 150 171
3 503 506
15 74 91
10 47 58
3 860 864
12 277 290
19 431 450
7 408 419
9 267 278
4 77 85
4 909 914
11 431 446
19 705 726
2 240 246
13 136 150
4 191 197
13 669 683
1 44 49
1 748 750
8 858 868
8 39 49
19 406 430
19 387 407
15 665 681
15 491 509
16 355 376
16 431 448
4 25 34
14 151 165
19 458 482
12 17 29
4 649 654
4 48 56
2 94 98
6 339 345
14 486 502
1 667 668
8 309 322
5 500 509
19 453 473
19 29 48
7 93 105
4 475 479
13 405 418
20 290 314
2 363 365
20 147 169
11 655 670
4 206 213
11 143 155
7 143 152
4 59 68
3 205 211
4 43 49
12 133 145
9 355 366
15 32 50
7 217 225
18 171 192
13 447 463
5 228 234
12 140 152
18 608 631
1 563 569
4 337 344
11 925 941
10 548 560
8 598 610
10 25 36
6 313 319
10 358 371
7 892 899
18 467 488
13 740 756
5 563 572
3 302 305
15 373 388
6 544 553
6 294 305
16 75 95
15 282 298
2 1001 1006
20 298 319
5 1121 1128
17 546 568
1 289 291
19 749 768
14 625 639
14 265 280
16 503 523
7 414 424
7 330 338
5 498 506
17 234 252
11 241 255
15 967 986
10 387 397
14 269 287
7 1064 1076
14 144 163
8 233 244
19 291 315
9 477 491
17 764 783
3 312 320
2 290 297
9 408 420
19 497 521
7 1030 1039
10 352 366
9 271 283
17 441 458
7 1045 1053
8 630 641
5 292 300
19 492 511
15 452 470
3 253 258
5 732 740
8 109 121
4 73 82
8 349 361
1 1057 1058
1 565 570
1 239 243
1 356 358
8 566 578
14 182 200
11 459 474
1 1111 1114
9 37 50
15 953 969
13 825 841
15 62 79
2 830 834
13 969 985
3 288 293
14 210 229
10 228 240
9 458 470
4 141 146
16 382 400
12 445 461
18 1102 1122
3 111 117
1 476 477
18 361 379
4 904 910
7 1017 1028
10 321 331
12 1090 1102
4 359 367
6 1047 1058
8 967 977
7 317 329
6 351 361
15 72 90
15 912 927
1 259 262
13 1060 1073
15 1086 1105
12 878 895
9 398 407
19 410 432
7 52 61
20 234 257
20 1086 1110
9 3 13
5 302 308
