200
15 1 20
15 1 28
13 1 22
9 4 16
1 18 23
26 23 49
2 8 17
24 12 50
25 20 57
4 2 16
24 11 43
13 16 41
14 22 50
22 19 50
10 23 39
6 9 27
27 15 54
28 9 51
26 16 52
14 15 42
9 5 16
28 3 36
22 14 47
36 10 60
37 19 67
26 8 44
24 9 35
22 17 41
34 7 48
42 1 52
11 16 32
45 5 55
16 18 46
17 18 38
29 22 65
36 3 41
39 8 59
26 3 29
12 12 38
8 1 16
34 1 37
53 20 79
34 1 46
29 15 44
57 13 77
49 8 68
15 5 23
51 9 68
24 9 37
53 20 86
41 9 53
10 2 24
16 16 32
62 18 86
50 11 64
39 14 58
42 4 59
29 1 35
29 18 60
25 6 35
21 20 47
46 23 80
28 18 53
66 12 89
28 10 42
66 7 81
26 21 50
34 1 47
59 10 77
52 13 69
43 8 59
50 3 58
76 14 102
30 4 40
53 17 73
62 7 81
16 16 38
23 21 58
25 6 38
73 19 104
31 12 46
24 16 44
59 15 83
65 12 89
53 15 77
38 12 51
19 9 38
23 6 36
66 12 91
74 19 104
84 10 102
49 19 70
55 20 78
90 22 118
55 2 62
19 14 45
68 14 88
93 21 126
74 12 86
77 3 84
40 5 59
82 15 98
53 19 79
39 10 53
35 21 65
44 13 59
93 13 114
77 8 93
63 7 72
41 13 58
27 8 43
23 14 38
57 11 77
41 23 77
35 21 67
72 20 95
106 18 136
61 21 96
69 12 89
85 16 113
65 11 76
80 20 109
61 22 91
108 21 137
100 4 107
27 20 51
95 4 101
54 14 81
44 13 61
41 13 65
53 3 56
47 12 62
100 7 108
93 8 113
87 18 106
106 20 139
116 9 126
49 8 58
40 2 49
100 18 120
76 3 80
86 22 110
63 17 80
67 7 74
38 14 59
117 7 127
63 4 79
65 1 66
102 7 120
32 19 56
98 6 114
89 7 102
133 22 167
87 7 98
84 7 97
72 10 93
121 19 145
40 20 65
120 2 125
73 12 87
85 6 99
85 9 96
134 10 148
139 2 154
94 19 126
104 18 134
119 7 131
68 6 77
33 2 46
84 1 97
79 6 97
77 17 94
65 11 78
76 1 78
122 11 142
110 5 119
149 18 180
133 5 148
67 16 87
38 4 54
73 17 101
45 15 69
111 3 128
151 22 181
151 4 165
144 17 174
116 22 148
45 22 76
116 17 143
130 10 145
40 21 66
62 20 95
132 15 156
114 15 143
131 10 143
78 16 95
123 3 139
53 7 65
112 1 125
39 12 59
