250
4 0 5
3 2 6
10 1 14
8 1 11
3 1 6
5 2 9
2 3 8
7 1 9
10 3 17
8 2 11
8 3 12
8 3 13
4 5 13
8 4 15
3 3 7
5 5 14
9 4 16
5 5 14
4 6 13
6 5 13
1 6 9
8 5 16
8 5 15
2 6 12
10 8 22
8 7 18
10 7 18
4 8 16
7 9 20
9 7 20
9 9 20
7 9 20
9 9 20
1 9 12
7 8 16
7 9 20
5 10 18
8 11 23
4 9 16
6 10 20
9 12 24
7 11 22
5 12 20
3 11 15
3 12 19
4 13 21
4 13 21
5 12 20
5 14 23
5 13 19
5 13 19
4 12 17
7 14 22
9 15 28
4 13 21
2 14 18
5 15 23
8 16 26
4 15 21
6 15 24
1 16 18
10 17 29
2 16 21
9 16 29
4 16 21
2 16 22
7 17 28
6 17 27
5 18 25
7 19 27
5 18 24
6 19 29
3 19 23
3 18 22
7 18 29
1 19 24
10 20 34
6 21 28
4 20 26
2 19 22
10 21 35
8 21 32
2 20 24
2 23 29
10 23 34
2 23 26
5 22 28
6 23 30
7 24 34
8 23 32
8 23 32
6 23 30
6 23 30
6 24 34
3 25 29
8 25 36
1 25 27
7 25 35
10 26 38
3 26 32
8 27 37
1 27 30
10 26 38
4 27 35
7 28 37
2 26 31
6 28 35
7 27 37
3 28 32
5 28 35
5 29 37
4 29 36
6 29 37
2 29 35
4 30 36
8 30 39
8 31 40
5 31 39
10 30 41
4 30 36
3 31 38
6 30 38
9 32 43
7 30 39
10 31 42
9 32 45
4 33 40
7 32 40
3 34 39
10 33 44
10 34 45
5 34 42
1 34 39
6 35 43
5 35 42
7 34 43
5 35 44
5 34 41
8 36 47
7 36 46
1 36 40
10 35 49
8 36 46
2 37 43
5 36 45
6 37 46
10 37 49
7 37 45
3 37 41
10 39 50
5 39 47
1 39 43
2 39 42
2 39 43
5 39 48
6 40 47
2 41 46
5 40 48
2 39 45
2 41 45
3 41 48
2 42 47
7 42 50
2 42 46
9 42 53
10 42 53
1 42 46
5 42 51
4 43 48
9 42 55
9 44 55
5 43 50
4 43 48
9 45 55
8 45 55
9 44 57
6 44 51
9 44 57
10 46 59
4 46 53
7 47 56
9 45 55
4 46 52
2 46 50
10 46 60
9 47 60
9 48 60
10 46 57
10 48 60
8 47 59
5 49 58
1 50 53
1 48 50
9 50 60
5 48 55
7 49 60
8 50 60
2 49 53
10 51 63
8 51 62
1 51 53
10 50 63
10 51 64
1 52 56
1 52 54
4 51 59
8 53 63
1 53 56
3 54 60
1 52 56
3 54 58
3 53 60
2 53 56
4 55 61
8 55 64
3 54 61
6 55 64
10 55 66
9 55 66
7 55 63
7 56 66
2 56 61
5 56 65
2 55 60
5 58 66
3 56 61
10 57 68
8 56 67
3 59 63
9 58 70
9 58 68
2 59 64
2 59 62
7 60 70
9 58 70
10 59 71
3 59 66
9 60 71
2 61 67
9 59 70
4 60 65
2 61 64
8 62 74
5 61 70
5 63 71
7 62 71
8 61 70
5 63 72
8 63 74
7 64 73
