250
11 4613 4629
43 4283 4337
30 2745 2791
55 1643 1750
119 2458 2695
156 221 396
42 2357 2416
62 549 641
7 1967 1979
18 3169 3197
120 741 930
54 3393 3453
82 2534 2708
1 189 190
98 4078 4203
107 2063 2263
131 1051 1253
110 2202 2329
119 1884 2018
23 2479 2535
102 2873 3019
145 1529 1844
98 2986 3128
114 2665 2789
2 2294 2298
57 1937 2026
75 4931 5070
151 1062 1308
31 1732 1765
30 4987 5057
33 2019 2087
91 2619 2835
39 4742 4788
159 4336 4623
126 4427 4655
109 4600 4816
98 1049 1287
95 1986 2172
59 262 395
84 1116 1235
89 718 918
53 105 194
24 499 541
17 2319 2338
18 3520 3549
46 2892 2996
9 4014 4025
50 3115 3197
50 4701 4788
22 1862 1899
141 3231 3486
74 281 434
132 4060 4329
125 1391 1680
90 144 254
152 2815 3151
141 1972 2198
32 1098 1158
113 4668 4863
3 2392 2395
119 1160 1394
87 2677 2819
56 3656 3744
100 970 1095
35 3260 3309
69 612 739
146 3578 3820
156 2359 2600
76 902 1021
79 4013 4142
90 1791 1944
100 4183 4290
99 1140 1364
26 3646 3683
124 3521 3794
45 4737 4786
144 2090 2329
108 1432 1602
146 4742 5019
75 780 899
145 3816 4134
105 366 555
47 4031 4118
139 2156 2343
155 1547 1804
51 3978 4043
107 2384 2590
19 1161 1206
71 1093 1214
61 4309 4416
95 1492 1607
145 2232 2424
45 97 180
148 221 430
3 1391 1397
94 3727 3823
147 2027 2309
115 1514 1703
110 4920 5092
100 3018 3204
84 411 545
53 4044 4148
50 241 293
77 3359 3519
73 3743 3858
85 1746 1897
108 4358 4595
113 558 768
32 4345 4385
72 719 874
81 2332 2418
34 4939 5007
3 521 525
150 3954 4134
82 1569 1659
136 2725 2941
66 47 148
85 4532 4621
144 644 942
41 874 972
138 3951 4178
4 2727 2731
138 924 1064
59 2661 2720
26 1760 1806
34 2098 2153
70 1978 2081
76 1277 1394
117 4271 4506
98 2060 2163
79 1027 1193
1 4892 4893
78 4475 4669
50 1718 1769
113 2068 2313
114 1361 1568
57 4831 4924
120 1050 1172
104 971 1127
35 4770 4842
128 481 715
122 324 581
68 1700 1770
135 4029 4194
97 2880 3095
82 2233 2405
19 3831 3868
30 2526 2561
100 4807 5050
61 4865 5012
28 140 204
31 3727 3794
106 3734 3974
148 4868 5108
119 1920 2045
33 1157 1192
118 303 533
30 1302 1361
68 4086 4247
79 2004 2171
120 2204 2454
146 2172 2441
68 3794 3917
4 1357 1364
92 3957 4149
19 4401 4437
36 3657 3710
131 4413 4619
81 3043 3162
34 2591 2648
10 1984 1998
63 4997 5151
148 2411 2638
50 4921 5025
74 736 871
10 3219 3238
137 244 566
132 2559 2872
152 4710 4923
108 432 685
103 3950 4056
7 1377 1384
42 3611 3680
159 1751 2137
155 3031 3370
11 3195 3215
153 3127 3433
4 2051 2059
69 2969 3042
68 145 306
38 1712 1782
131 3460 3728
144 3271 3479
3 2205 2212
63 4828 4978
63 1481 1606
14 3562 3596
130 3284 3494
149 4105 4357
132 3434 3650
58 2981 3056
100 4151 4385
58 435 522
13 2062 2075
56 3721 3830
5 2321 2327
112 2420 2599
6 4953 4966
36 533 592
4 743 750
48 2873 2989
135 681 989
81 3138 3221
144 2014 2324
90 1917 2042
68 2766 2849
72 160 236
138 2336 2583
149 4312 4571
27 2946 3012
32 3962 4039
9 2626 2644
101 4185 4383
105 2593 2791
10 4209 4230
97 4528 4634
34 1609 1688
1 3014 3015
18 4705 4748
148 3773 3955
40 4879 4920
45 4337 4431
46 1870 1971
3 3366 3373
63 3585 3727
81 4159 4254
54 2420 2517
45 203 292
126 620 849
31 1234 1288
150 1318 1581
58 2499 2607
125 2192 2483
24 2609 2638
96 933 1170
47 4514 4578
77 3650 3728
27 152 217
17 4882 4912
15 209 239
