400
21 851 1786
2482 3932 7074
3208 3032 7019
2410 3217 8321
188 313 2920
3681 386 7963
1649 2955 5383
2459 574 6123
2636 3050 7772
3962 3699 8678
3726 1413 9109
2720 1947 6565
277 477 2731
999 1866 3312
3621 1670 6084
2300 329 3998
1028 3837 7637
572 1869 4076
1480 699 4642
794 1299 3196
114 1781 5234
1449 1007 5392
3342 1170 5882
1588 3713 8696
1312 2997 7261
2941 2009 5668
818 3593 5786
3575 563 5382
161 3628 6963
2604 1334 4607
683 2439 5707
120 920 2152
1678 780 3363
3562 626 7801
3863 1892 8205
144 3947 7544
2071 987 6700
2823 1521 5060
2922 1002 4043
3134 474 5616
3495 701 6436
3450 2344 7369
1980 1241 5985
1355 1082 5428
934 2318 6144
2774 2217 7715
1583 1846 3882
1650 2044 5533
252 2978 4267
1279 2790 6814
841 3096 4620
3917 3033 7267
206 3355 5979
3003 972 6242
979 317 2864
3861 3415 8165
2231 1734 7238
176 3556 5248
2984 714 6367
1846 2945 6772
2124 1587 7006
2703 2482 7202
3409 3732 7761
3190 1128 6715
3700 3556 10455
1915 535 6239
1485 3892 5709
3341 3580 7579
3218 2261 7557
834 2348 3580
2681 475 3868
1070 3871 8622
817 1484 5559
1259 1618 5618
188 2049 3045
3627 2290 9871
1701 3059 6148
991 3822 6600
1249 1350 2921
2776 3832 9746
3319 3586 7461
1615 1495 6690
3378 1723 6975
40 885 2633
936 1633 3495
2031 2931 6867
2630 3419 8087
1403 526 4266
3664 2899 9323
2937 2399 8746
2024 885 5070
3705 3970 9168
3824 573 6995
2585 599 3225
2721 2010 8056
2302 3016 7314
275 3419 6882
3358 1697 7023
1350 2771 6686
3491 3871 8472
1812 18 3799
3470 3022 10486
719 2892 4085
191 2215 3440
880 3525 5107
3600 2016 7541
726 2773 5707
1266 13 2036
1684 3330 6950
1255 834 3359
18 3499 7259
3303 1408 7646
1673 2250 5108
3884 2374 9168
52 174 1657
1160 2762 7163
1652 3071 7552
1669 1622 5330
1461 3692 5955
3400 219 6533
2330 3145 5674
2384 2552 8022
601 2166 4158
194 1756 3203
1796 3147 7442
48 2126 4753
2430 3208 8167
1937 1717 5111
387 773 2994
2118 1959 5730
986 1717 6664
904 108 4709
1120 1255 3968
2480 1628 7076
3960 461 6530
1372 3339 7510
563 1598 4163
454 2954 4618
871 1351 5987
197 3990 4965
551 2114 6660
1525 548 3521
1757 1083 2863
3889 2851 8304
1751 689 6217
3225 2325 9297
3165 2378 7622
3085 1350 5532
3042 2737 7114
2685 2976 7677
2203 2057 5463
960 707 2722
2194 2477 5020
2592 2736 7566
85 3800 5413
3983 957 6115
3014 3530 9601
1882 2507 5288
2581 3150 6736
135 2707 3842
764 535 3802
3404 3197 9818
2740 507 5861
2241 552 6665
1527 36 4922
1812 115 4564
1228 1281 3524
2055 3410 7981
1068 676 5125
3366 328 6028
3630 581 6410
3832 2993 7055
2287 1583 6882
2374 3076 6677
2301 934 5798
881 1197 4751
3157 112 5292
410 3679 7396
2735 3757 8787
3436 928 6377
799 1536 5722
2332 2587 5063
3340 2219 9179
1760 3532 5951
1942 403 2425
3378 3830 7662
3440 2213 9030
673 2215 5943
376 1189 2680
702 2495 6810
779 3567 7369
1076 3007 4191
548 3027 4543
2136 1144 3603
2076 536 6557
2876 624 4922
2968 1941 6769
1238 902 4812
235 3681 7176
179 1429 4864
323 3137 5809
831 3005 4448
2449 2584 6406
2597 1598 4535
1378 1708 3131
3911 1574 8019
3894 3741 11342
321 2882 5642
3228 2030 6835
197 3981 7374
3286 1073 4623
304 2757 5305
1358 1516 3973
2304 2438 5607
1039 560 3562
3936 933 8171
2023 995 4187
912 27 2751
2980 222 6155
2864 3855 10134
2086 896 4176
3396 3914 8546
1304 3784 5736
2827 3826 10386
1317 3555 6136
2186 944 5085
738 3802 6391
2364 1011 4471
1763 2315 6909
3392 325 4180
2872 1987 5541
3750 554 4627
1361 1930 7213
633 1026 3799
1104 2964 4136
2848 907 6174
1450 3184 8523
3366 3716 10683
3095 2650 7689
701 764 3482
691 1505 5285
2121 649 4430
2812 2381 7237
3202 2196 8553
3877 655 6546
2943 2499 6834
3704 2041 5970
1830 347 2857
3000 3546 9307
98 2616 5672
771 332 4242
2991 440 7171
3286 1876 5987
2913 1962 7351
313 3757 7674
3553 1563 6204
23 1438 3769
3330 3636 7222
1614 2813 5978
3589 1058 5829
530 174 1499
865 2756 4886
1072 3317 6403
711 255 1145
239 2672 5971
2528 1270 3860
1467 3953 7771
1166 406 3319
1553 2001 6401
3898 513 5740
637 3051 7619
3770 3754 11185
94 634 2374
796 3527 7603
957 98 4444
2231 149 3995
1306 3986 6901
1833 2539 5076
260 3405 4561
2343 1885 5266
933 2536 5416
1229 2270 3863
1269 3642 8709
1091 1161 3488
1504 3503 7554
1 1640 1680
778 1049 5060
538 2416 4128
2992 234 4535
3953 1406 7069
502 2208 4184
1443 3092 5023
829 3766 7831
684 340 2565
3589 1091 7153
3530 2138 8577
1578 1332 5595
3188 3671 8856
2075 3415 6110
3559 2248 8396
1657 388 2205
3770 2715 8534
3088 3924 9533
1610 1096 5612
2035 1135 6133
2967 2768 7064
1547 3088 6919
460 2948 6010
1242 3340 6432
861 1095 4019
822 695 4443
376 1984 5242
3418 1233 5038
2179 666 5447
3138 1939 7457
3684 2079 9226
3183 3441 8173
783 488 1936
1067 2790 5861
558 528 4964
1052 1051 3249
2558 3219 6827
2801 609 3624
1677 799 5784
3926 1279 8429
1540 1366 5287
3797 967 5933
1663 745 5489
647 2568 6974
301 3755 4411
2371 876 3596
286 2285 3161
1118 730 3054
3391 1331 6828
3164 3783 10111
3313 1610 8576
131 2166 3939
3068 3292 10013
2216 2793 5451
3092 3554 10064
2385 1807 7772
2008 3909 6961
3612 605 7006
2764 1767 8378
2683 3257 8399
168 2977 5600
252 3915 7873
854 3200 5592
2899 1349 6916
3038 3367 7131
2842 143 6319
678 2872 3730
978 216 4782
3214 125 3829
1777 331 5455
2634 2106 8245
2452 980 3931
1932 979 3220
3307 3926 7248
330 2368 4082
3256 1407 8348
1948 458 2912
1731 15 3369
3017 1367 6607
3433 3830 8652
1386 2312 7583
667 1016 4954
3652 3574 11216
3984 705 7911
978 3837 8177
1273 535 3701
1365 3696 5185
432 1993 4129
2583 3019 8101
665 2188 3051
1384 607 5637
1210 1318 3858
1995 1842 7259
27 597 3038
3914 1910 7843
3762 510 5166
2571 2699 7549
2749 756 3756
3106 1237 5315
717 683 5354
2616 3764 6723
2040 2689 7377
872 1100 4861
3524 2661 7995
3928 3258 9695
2682 821 4712
42 2626 6468
1265 2082 4042
3409 436 3849
3184 316 6582
157 3487 4837
1648 2044 4722
1034 1426 3238
3132 1699 6974
1384 1866 5159
