50
262 325 896
382 50 549
449 278 1110
396 444 944
133 428 904
135 137 534
344 434 1152
8 186 264
41 127 262
23 449 900
35 497 579
83 466 740
313 130 822
16 454 892
135 488 771
412 155 636
175 394 795
456 144 1011
256 248 844
471 40 954
370 399 1265
124 341 826
331 463 1255
391 440 1226
57 4 157
326 19 795
352 370 915
391 8 559
150 117 536
375 61 836
412 201 673
254 353 973
285 354 751
153 443 850
126 37 319
72 331 608
412 335 1225
89 11 227
339 499 1264
193 321 963
469 368 943
295 192 637
215 53 759
275 126 573
203 350 824
139 19 245
232 418 1090
486 244 743
274 201 789
210 13 308
