150
19 71 100
19 246 266
16 253 270
10 44 56
9 144 161
12 80 99
7 54 71
19 231 252
16 249 275
8 295 309
19 255 275
7 89 99
18 33 59
5 58 66
18 161 189
17 37 56
9 102 113
20 43 70
19 127 156
18 124 149
6 102 108
7 133 140
4 149 163
20 278 302
2 55 63
15 207 230
6 71 82
6 151 161
19 263 289
18 165 193
18 86 111
5 231 237
5 230 236
6 273 287
16 108 132
3 176 184
12 130 151
4 126 138
12 293 306
19 83 102
8 131 147
17 102 129
17 55 77
20 203 227
5 77 91
7 12 26
7 262 269
3 272 282
6 45 53
16 38 55
7 49 56
4 267 281
6 117 123
11 86 97
7 63 76
13 51 72
17 261 280
15 105 125
6 16 28
15 190 208
1 27 36
7 240 252
11 108 128
1 123 124
14 113 130
9 124 143
7 259 267
14 15 33
13 146 163
5 183 189
17 103 128
6 285 295
5 213 227
20 162 191
7 55 63
11 13 28
1 126 133
6 215 230
20 267 294
11 82 97
17 129 146
16 70 87
20 212 236
8 109 117
18 102 126
19 88 114
15 33 55
6 55 62
6 33 43
16 274 290
7 92 109
4 47 53
14 245 262
6 54 60
19 201 224
8 214 232
13 207 230
12 41 61
18 59 78
3 24 27
8 290 308
5 13 22
5 243 251
16 264 283
14 231 251
20 105 130
15 165 186
9 47 62
5 0 9
6 18 31
16 137 155
1 56 59
11 278 296
6 259 271
7 148 159
13 103 125
20 275 295
1 205 208
9 157 169
14 236 254
18 16 35
5 86 92
11 34 46
8 263 275
17 255 278
20 120 141
3 122 128
20 153 181
17 82 107
5 213 225
17 41 62
11 93 104
2 256 268
2 282 288
9 213 225
5 247 252
8 269 282
6 109 121
17 56 77
14 185 201
12 96 109
6 138 151
2 98 109
18 95 121
16 99 118
6 44 58
16 36 57
19 195 217
14 224 242
14 48 66
