100
11 0 11
6 0 6
19 0 19
7 0 7
3 2 5
7 4 11
16 6 24
5 6 11
1 7 8
17 8 28
3 10 13
7 11 19
1 12 13
6 13 20
14 16 33
19 16 35
15 16 32
7 22 29
12 28 42
12 30 44
18 31 53
2 31 33
15 32 49
3 35 38
1 36 37
10 37 48
17 39 60
9 41 51
1 43 44
9 44 53
16 45 63
18 48 67
19 50 70
5 51 56
7 54 61
1 55 56
12 56 70
5 58 63
7 59 66
8 60 69
13 61 76
3 64 67
18 64 85
5 65 70
14 66 80
2 67 69
1 67 68
6 68 75
7 68 76
15 71 86
1 74 75
15 75 90
10 75 86
5 75 80
16 78 94
16 78 97
1 81 82
11 81 92
19 81 103
1 82 83
6 83 89
18 86 105
6 86 93
14 93 109
2 93 95
16 95 114
17 95 113
8 101 109
10 102 112
11 103 114
17 103 120
9 105 115
2 108 110
1 110 111
12 111 124
17 111 131
19 115 134
5 115 120
16 116 135
19 116 135
10 117 129
19 121 141
3 121 124
2 122 124
18 123 142
17 131 151
18 133 154
19 137 159
18 146 165
16 147 166
1 148 149
4 149 153
10 151 162
5 157 163
17 160 179
4 162 166
5 166 171
9 178 189
2 187 189
19 188 210
