500
419 20 457 
350 12 368 
73 16 104 
462 16 478 
333 27 375 
419 26 458 
165 17 201 
391 25 431 
485 19 519 
147 12 180 
416 18 449 
293 24 327 
36 26 82 
199 18 228 
243 11 258 
64 20 103 
204 12 235 
380 23 407 
30 28 59 
84 16 118 
226 14 253 
166 22 207 
414 17 444 
195 22 236 
3 23 32 
467 29 506 
120 20 161 
268 31 319 
354 24 389 
128 33 175 
230 20 255 
285 28 333 
244 21 270 
400 28 449 
324 30 372 
59 12 77 
125 22 165 
185 21 212 
176 22 210 
325 27 366 
222 21 259 
282 16 301 
148 15 183 
284 8 292 
158 22 191 
312 21 339 
270 22 299 
499 24 543 
131 17 153 
289 8 312 
16 18 46 
93 20 121 
96 15 117 
23 29 72 
58 25 86 
224 26 267 
492 18 526 
376 26 410 
340 23 376 
191 13 224 
446 21 483 
287 18 313 
445 12 474 
59 25 89 
429 33 481 
251 17 274 
115 20 153 
363 22 387 
351 23 385 
489 26 529 
126 13 154 
272 35 325 
72 28 114 
68 12 97 
276 34 328 
88 22 117 
222 40 279 
94 19 127 
320 15 348 
214 20 253 
91 36 148 
440 11 456 
253 19 288 
184 10 201 
437 10 457 
22 27 63 
164 6 186 
232 17 254 
386 28 430 
110 20 149 
363 30 408 
130 13 156 
276 13 307 
468 27 510 
396 23 439 
429 23 454 
200 21 225 
171 29 220 
179 24 216 
54 16 86 
440 27 484 
493 14 513 
277 14 310 
279 24 305 
18 23 58 
471 17 507 
123 23 164 
234 20 257 
35 21 58 
150 23 188 
137 24 175 
88 21 111 
47 32 90 
155 25 201 
39 24 75 
172 24 207 
40 26 86 
323 28 354 
246 34 295 
488 28 520 
213 21 253 
489 13 509 
152 21 176 
437 19 473 
284 23 313 
163 27 195 
479 22 522 
205 24 244 
230 22 261 
360 34 394 
340 20 381 
81 14 98 
412 21 438 
343 21 377 
103 15 124 
450 21 478 
492 26 536 
157 29 205 
278 14 295 
373 23 414 
17 20 56 
40 25 76 
140 20 162 
163 26 193 
443 33 479 
162 25 198 
334 11 355 
333 24 377 
358 22 397 
63 24 102 
409 15 438 
117 23 159 
212 16 236 
471 18 491 
235 20 274 
16 32 58 
214 23 242 
42 12 55 
417 25 458 
300 8 311 
482 24 515 
284 24 315 
459 22 500 
292 14 325 
455 19 474 
465 16 488 
220 25 256 
264 24 288 
321 23 355 
251 18 285 
375 13 388 
423 11 437 
137 11 153 
211 12 234 
18 16 34 
191 33 242 
21 29 57 
364 30 410 
403 27 443 
48 24 88 
387 23 431 
459 23 497 
394 24 436 
257 22 291 
137 24 170 
429 15 445 
69 32 111 
89 18 124 
73 16 105 
129 13 149 
333 28 376 
48 23 82 
341 21 364 
302 14 322 
455 14 483 
321 19 351 
159 27 202 
2 38 54 
446 18 467 
443 22 465 
320 20 361 
451 37 494 
277 26 324 
325 28 361 
211 12 233 
408 16 432 
66 20 104 
198 22 239 
55 26 94 
219 26 258 
53 12 69 
268 20 304 
397 8 416 
316 14 344 
178 30 223 
480 20 517 
171 22 203 
298 19 325 
353 21 391 
68 27 97 
492 21 530 
231 19 252 
78 11 95 
278 13 312 
252 25 290 
89 14 107 
50 12 69 
411 21 445 
321 25 349 
208 29 253 
55 15 72 
475 23 506 
463 23 491 
341 22 375 
109 16 144 
166 14 181 
313 22 337 
372 25 407 
98 22 126 
471 16 502 
33 23 67 
308 17 343 
137 17 160 
400 23 435 
363 20 392 
108 31 145 
2 10 27 
457 21 478 
12 6 24 
242 15 272 
223 17 249 
229 27 270 
413 31 445 
424 34 474 
61 19 90 
493 30 526 
138 25 184 
289 26 323 
149 18 188 
25 26 52 
321 12 350 
344 22 376 
156 28 188 
459 15 474 
321 30 351 
403 13 432 
51 26 90 
366 18 396 
79 22 119 
184 23 208 
112 20 152 
459 18 492 
77 21 101 
382 26 416 
365 19 404 
214 29 255 
400 17 420 
106 20 128 
103 31 144 
431 14 466 
423 29 453 
229 27 266 
232 13 249 
457 17 494 
108 13 142 
302 23 338 
492 26 519 
8 15 42 
11 22 40 
203 36 247 
485 23 517 
118 17 136 
344 15 374 
495 10 520 
42 17 66 
150 23 191 
441 39 494 
254 34 298 
363 20 396 
240 15 255 
268 18 305 
479 18 511 
454 23 497 
404 30 437 
495 28 544 
380 25 425 
308 26 353 
71 34 118 
117 19 154 
290 23 333 
470 19 504 
393 15 416 
282 30 332 
366 25 411 
421 26 452 
200 19 234 
333 24 364 
242 25 271 
177 10 196 
99 24 141 
315 20 336 
434 31 477 
379 28 426 
194 15 224 
5 25 50 
21 11 40 
116 20 146 
445 14 469 
252 15 285 
348 12 361 
461 30 510 
309 24 348 
47 19 67 
220 28 259 
194 32 239 
243 23 267 
417 7 442 
284 19 321 
314 17 350 
433 23 466 
218 21 252 
488 23 526 
273 17 304 
323 14 345 
105 14 120 
357 35 403 
424 20 444 
15 25 40 
488 16 510 
218 17 243 
20 32 65 
361 21 393 
48 19 68 
447 26 485 
124 19 151 
290 26 321 
287 27 324 
16 13 29 
275 33 318 
41 24 72 
202 22 237 
382 23 411 
99 16 126 
126 26 166 
345 25 385 
494 21 534 
126 30 157 
126 19 148 
384 18 404 
57 6 64 
288 24 318 
67 23 95 
354 23 395 
124 19 145 
318 24 347 
324 23 365 
322 21 358 
381 29 411 
1 25 33 
492 20 513 
86 33 121 
27 13 47 
330 15 351 
418 25 447 
355 23 398 
341 30 377 
379 25 421 
95 31 143 
453 26 480 
491 17 528 
492 15 522 
169 16 199 
29 25 57 
441 21 475 
276 20 308 
196 13 221 
214 16 238 
273 25 309 
2 21 25 
92 21 120 
281 18 310 
495 16 526 
495 23 522 
361 17 398 
175 24 220 
301 12 319 
366 17 387 
294 27 324 
484 15 506 
240 21 279 
108 22 134 
60 18 90 
74 22 111 
15 26 56 
465 21 494 
243 24 270 
273 10 292 
297 15 318 
108 25 153 
289 22 323 
11 15 36 
42 32 77 
136 27 180 
362 25 387 
397 27 424 
169 20 195 
360 22 390 
367 26 393 
400 10 429 
24 19 44 
490 17 507 
28 18 60 
123 21 149 
205 29 249 
321 19 357 
297 14 326 
325 23 352 
217 32 267 
205 18 237 
364 21 392 
375 29 423 
468 31 511 
466 13 483 
462 25 498 
5 25 33 
443 19 480 
264 30 304 
405 16 439 
286 22 320 
404 8 429 
397 20 437 
242 20 277 
387 30 419 
450 15 469 
158 32 191 
322 21 352 
351 17 380 
368 22 408 
81 25 122 
391 29 432 
13 25 39 
482 29 516 
190 23 225 
455 32 500 
30 11 46 
41 16 71 
449 27 480 
443 15 465 
183 23 210 
81 19 111 
429 26 468 
103 22 132 
209 27 250 
284 32 324 
355 22 382 
460 18 479 
250 11 270 
440 34 491 
360 20 389 
482 20 516 
238 26 279 
124 14 152 
293 28 332 
432 31 478 
169 29 209 
370 30 420 
160 22 197 
459 17 481 
364 16 400 
70 12 99 
382 24 422 
381 22 410 
262 22 286 
428 23 464 
229 21 268 
108 28 141 
228 21 253 
422 18 453 
43 32 81 
388 30 436
