250
5 41 46
4 26 30
16 159 177
18 481 502
2 578 580
15 289 307
14 451 465
15 364 379
15 278 294
13 565 582
5 179 186
15 230 250
14 15 33
17 34 56
16 459 475
9 375 384
3 367 371
6 425 432
8 31 42
12 561 574
13 308 326
13 90 108
8 115 124
13 54 72
11 116 129
19 427 446
17 564 583
4 593 600
13 105 120
1 522 528
7 122 129
3 590 593
15 108 127
4 329 335
14 174 189
18 566 589
6 187 194
15 292 308
6 69 79
13 105 122
11 86 101
2 33 35
12 261 277
19 213 235
16 193 209
16 482 500
18 169 191
4 570 574
7 534 545
9 315 324
18 180 199
20 209 234
5 77 84
4 207 213
1 170 172
8 503 511
13 299 315
20 85 108
15 86 101
17 302 322
9 123 132
7 435 446
19 381 405
12 270 282
2 595 597
8 84 92
16 57 77
17 151 171
10 318 330
10 350 361
8 205 213
5 179 188
9 529 540
9 67 76
5 179 184
18 234 256
1 73 74
13 196 210
3 29 33
20 523 546
13 573 587
6 34 43
1 99 105
6 235 246
13 135 151
14 381 398
14 308 322
11 296 309
14 36 50
19 107 130
7 485 496
13 52 69
3 211 216
11 123 137
5 180 190
20 106 128
5 165 172
3 66 73
11 143 155
20 44 68
10 169 184
9 47 61
4 619 625
3 178 181
20 223 245
18 122 143
12 505 520
2 431 436
2 522 524
11 166 177
16 211 229
8 66 74
13 106 123
9 193 202
3 466 470
14 299 316
14 459 475
4 370 375
19 277 299
7 512 522
5 498 505
6 7 18
20 115 138
19 203 222
10 545 556
18 92 115
7 295 306
2 490 497
16 252 270
20 187 208
13 217 230
20 29 50
4 25 34
2 6 9
19 204 224
17 188 206
12 12 29
2 63 70
6 119 130
11 96 107
9 153 162
6 492 500
10 279 289
5 389 396
11 221 234
15 39 58
14 503 518
6 256 262
1 325 331
4 173 177
3 162 167
6 397 405
8 286 298
7 222 230
11 133 147
4 534 540
8 145 154
19 451 474
15 235 251
16 285 302
18 179 197
16 144 160
1 294 297
13 224 239
1 86 89
7 41 48
15 340 358
2 106 113
18 307 329
15 335 350
9 208 222
17 302 319
20 82 102
18 14 35
2 249 252
15 614 634
9 309 319
4 150 159
17 74 94
20 622 642
7 417 428
4 320 324
17 544 564
2 485 489
17 536 555
10 220 235
13 180 196
6 241 251
6 141 149
2 455 461
12 46 61
13 303 321
7 567 579
1 499 501
19 120 142
17 544 566
12 81 96
2 123 130
20 168 189
11 88 102
5 79 89
19 115 139
6 624 634
10 579 592
10 470 481
12 89 102
12 154 168
2 428 432
6 261 272
5 588 595
12 185 201
16 27 46
19 81 104
19 48 69
2 480 486
12 270 287
5 110 118
8 435 446
4 278 284
14 100 114
6 3 12
6 493 500
10 109 121
10 563 575
7 591 598
9 18 29
3 611 618
4 163 169
8 459 471
16 58 78
6 121 128
14 499 517
20 65 87
14 436 455
11 169 180
3 331 337
8 159 167
18 86 105
15 623 638
6 610 618
18 55 73
3 49 53
16 477 496
2 146 150
7 220 230
14 125 143
11 462 478
7 114 126
9 42 56
5 208 216
