300
13 660 673
17 507 525
20 315 335
19 176 197
3 178 183
11 55 71
6 231 242
20 276 296
6 439 449
4 652 657
5 326 331
17 111 130
11 262 278
14 284 299
4 42 46
20 253 275
4 403 411
20 179 202
12 360 372
8 549 560
7 334 342
19 470 490
4 612 620
15 234 252
8 155 164
10 270 280
8 606 614
1 213 215
6 156 165
1 383 385
16 241 261
3 193 199
11 30 45
5 271 281
20 613 634
17 98 117
12 30 42
11 364 380
14 156 171
9 282 296
11 333 348
7 89 98
10 514 526
12 431 446
8 195 207
3 309 312
18 115 135
20 715 735
17 4 22
13 102 116
8 54 63
16 578 594
19 116 137
17 4 26
5 253 260
13 610 625
11 39 55
5 623 633
7 215 222
16 96 116
16 253 272
6 738 748
13 716 732
1 738 739
1 61 65
20 201 225
18 48 69
17 52 70
9 591 604
15 200 220
10 313 327
15 75 93
15 380 396
2 42 49
19 246 267
5 433 441
19 359 380
9 537 549
20 412 434
19 253 275
12 181 193
3 349 353
6 602 611
17 215 232
10 69 83
1 413 414
20 366 387
8 36 45
12 745 762
8 544 552
10 526 537
2 604 611
1 386 391
10 83 93
3 510 515
10 154 167
12 546 560
7 680 690
11 453 466
10 61 74
14 719 736
10 358 371
9 315 328
11 282 298
1 289 292
18 271 290
9 365 374
8 335 346
12 25 38
3 31 36
12 310 327
1 331 333
11 182 196
12 477 492
9 303 315
6 270 280
1 166 170
7 388 399
16 159 180
4 554 558
19 657 678
18 233 251
17 46 68
15 136 151
5 544 551
18 209 231
20 66 86
8 322 332
15 56 73
9 290 303
11 401 412
17 682 699
4 662 668
11 205 221
19 315 336
18 184 204
19 186 205
3 124 129
13 39 57
8 17 30
3 317 320
10 229 244
18 523 543
2 113 118
7 117 129
8 195 203
13 424 441
17 124 145
20 166 191
14 3 17
16 516 536
16 534 552
1 356 359
13 251 266
7 303 315
19 567 591
2 337 344
7 247 255
18 176 196
11 37 51
13 123 140
16 288 307
15 302 318
20 578 599
9 301 311
8 86 97
8 181 193
2 452 455
13 260 274
1 396 400
3 149 157
10 385 399
14 84 103
17 523 542
17 489 510
2 288 293
7 616 627
9 31 45
19 347 367
10 60 71
1 343 348
13 131 145
14 310 325
7 302 313
6 360 366
20 571 595
8 87 96
8 493 501
10 30 45
15 503 521
16 108 124
19 45 69
1 50 55
2 117 120
18 252 272
2 74 77
13 703 718
7 344 352
15 358 375
17 42 64
13 591 608
4 168 172
4 279 285
5 198 205
17 203 221
3 216 224
5 634 640
2 283 286
16 750 768
16 466 483
3 592 598
17 362 381
15 586 602
6 62 71
8 223 232
16 695 712
14 276 293
20 513 536
20 399 421
7 145 157
9 404 414
16 280 297
12 721 734
10 194 209
11 78 94
19 267 289
5 569 578
12 54 68
11 139 152
7 484 491
15 64 81
9 561 572
11 500 512
6 198 209
19 137 158
16 530 551
7 490 501
12 24 39
18 52 75
19 234 255
11 226 238
18 388 409
8 196 204
15 246 265
3 92 97
19 216 239
2 118 121
15 52 70
18 245 264
11 628 642
13 738 755
4 217 223
12 166 180
16 472 488
2 498 505
1 675 678
1 699 700
12 428 441
7 220 232
8 356 364
17 454 475
4 154 162
3 209 214
15 54 71
1 522 525
12 166 181
1 3 6
10 502 517
10 500 515
6 310 316
6 207 213
3 101 106
1 274 276
16 43 60
2 277 279
16 293 311
13 96 110
1 161 163
20 407 428
14 430 444
5 200 209
3 150 154
1 40 41
10 600 612
15 291 307
16 352 373
1 239 242
2 552 555
6 275 285
11 61 73
2 62 65
17 103 123
2 117 124
11 732 745
7 104 113
15 275 295
20 32 52
4 538 542
10 269 279
14 319 337
