100
10 194 208
17 99 117
12 7 22
16 144 160
5 107 112
15 39 56
19 17 41
6 161 167
7 39 48
2 28 32
11 36 50
16 16 32
4 175 181
16 62 79
16 1 20
13 83 96
9 165 179
1 132 136
1 120 126
16 9 27
15 65 84
14 242 257
14 204 221
7 179 187
6 57 68
6 102 112
5 41 48
14 157 173
10 79 90
10 236 250
17 85 105
12 72 87
20 208 231
2 120 123
8 66 76
8 101 112
9 49 59
17 235 253
15 81 99
6 100 109
12 35 52
10 172 183
3 69 76
9 42 55
16 106 125
8 87 97
8 82 91
14 235 251
11 92 104
1 189 194
4 137 146
6 106 113
4 84 91
15 240 255
1 75 79
2 185 187
2 229 231
14 108 122
19 3 25
5 122 128
5 92 99
7 115 126
8 244 254
8 164 175
8 24 35
7 15 24
13 49 66
11 111 122
11 16 28
6 114 125
3 103 109
19 86 106
2 137 140
3 189 196
8 40 50
18 208 226
3 38 45
2 14 21
18 17 37
19 56 76
7 26 38
15 149 167
15 38 54
10 33 47
20 28 50
5 68 73
17 34 55
19 105 124
10 28 43
17 99 120
10 58 71
8 160 170
20 123 146
13 43 56
1 124 125
7 90 99
6 130 140
3 2 7
4 165 169
1 0 3
