100
7 38 53
67 2 69
63 37 109
83 36 128
70 16 89
45 12 60
68 40 113
43 8 60
79 27 115
24 41 67
80 1 89
20 44 71
12 35 56
32 37 69
32 42 81
1 40 42
44 45 96
98 19 118
65 39 110
68 33 105
67 46 118
20 17 46
47 44 94
61 26 93
52 18 73
38 28 67
43 22 69
10 31 50
93 10 103
89 35 129
83 16 104
16 47 63
10 48 63
82 22 110
47 30 84
15 44 60
51 0 55
64 44 116
32 7 41
87 16 104
23 33 65
24 44 76
17 37 62
55 5 60
49 2 53
39 10 53
62 12 75
64 3 67
70 20 93
26 25 58
70 18 94
84 48 133
18 4 24
61 29 98
49 4 58
88 44 137
33 44 78
69 37 115
26 8 38
31 12 48
30 32 69
73 46 122
24 42 74
13 42 60
15 6 26
100 28 136
91 20 115
80 22 107
47 31 85
67 48 119
35 9 49
59 2 69
85 48 133
53 35 95
57 45 111
1 6 12
38 29 76
44 46 90
73 42 123
93 44 142
45 21 75
42 45 93
1 22 28
81 25 106
64 43 115
16 9 27
59 1 61
56 42 105
54 49 105
52 14 69
51 0 60
45 32 77
9 19 37
29 41 71
60 12 80
58 22 86
42 32 80
30 40 79
28 27 57
86 10 98
