500
27 91 126
17 33 55
24 41 74
20 76 103
10 13 45
36 43 85
30 57 111
11 7 33
41 22 85
17 61 83
48 91 141
24 87 131
16 27 62
4 62 82
26 44 84
4 13 22
9 15 44
41 27 72
23 81 123
40 89 132
44 66 118
45 51 105
40 15 76
26 71 119
20 36 71
40 52 93
37 18 71
18 89 109
47 47 95
30 80 124
33 91 140
39 90 152
16 75 112
39 98 154
30 50 84
16 58 77
43 35 83
27 64 96
36 90 135
46 57 114
19 13 45
17 53 76
1 42 52
37 51 102
6 5 33
24 66 106
40 40 95
12 44 64
38 25 82
16 34 68
38 79 135
31 12 44
10 74 98
4 47 74
19 10 46
10 94 121
5 80 92
31 14 56
36 51 95
18 2 37
7 17 31
34 7 54
48 94 164
10 97 107
22 88 127
2 16 22
39 4 60
30 84 114
18 61 83
5 93 101
6 53 63
41 89 134
35 71 130
14 44 65
32 29 68
31 65 103
12 71 89
12 20 52
22 69 93
46 4 70
36 48 97
9 29 57
35 90 128
30 86 131
28 45 88
31 18 60
33 99 148
40 55 108
3 89 103
18 52 71
22 20 64
34 16 54
49 82 144
7 14 44
31 60 115
40 59 123
27 6 44
49 53 112
41 65 116
1 97 116
42 63 122
10 3 33
20 95 138
15 95 115
27 52 94
24 6 45
40 58 99
1 66 70
8 27 45
33 62 100
15 40 73
10 22 38
45 34 81
40 32 73
31 34 82
23 51 74
44 17 72
16 54 78
17 45 74
2 26 44
42 15 79
20 2 39
34 74 109
25 26 51
37 38 76
20 90 119
1 77 90
40 78 124
2 38 64
31 89 141
39 75 123
42 58 123
39 29 81
26 63 109
43 24 75
5 39 51
10 5 20
13 54 91
18 28 49
31 19 72
42 49 114
21 24 50
6 47 67
45 74 127
2 14 40
10 44 75
22 78 110
35 63 111
2 55 72
42 68 110
42 67 113
29 96 146
26 96 130
26 17 57
13 64 92
6 92 122
1 65 72
43 16 64
39 73 130
48 84 140
27 66 117
47 39 107
7 96 104
41 46 111
37 63 122
33 78 131
18 39 74
27 74 104
8 84 94
37 45 90
49 70 137
19 18 57
3 96 104
16 90 128
6 53 83
12 30 51
19 71 92
12 58 81
39 24 86
15 71 97
48 3 75
16 51 68
31 81 117
37 54 93
27 16 66
18 67 86
32 33 74
13 45 76
2 45 50
49 26 98
49 86 150
47 53 108
28 43 75
9 18 35
49 6 78
24 88 120
1 72 79
10 41 53
19 65 91
29 13 64
25 46 82
23 31 72
5 63 89
28 27 72
26 87 113
38 48 100
14 78 111
47 51 116
9 59 74
46 99 157
5 29 39
7 84 109
46 39 86
20 0 26
25 45 70
14 22 55
41 65 130
18 58 83
18 84 111
32 59 94
34 70 113
28 19 48
13 82 108
3 62 67
29 24 59
38 98 148
45 77 143
41 44 108
20 88 118
37 53 93
36 88 135
19 29 70
45 21 86
15 47 72
29 56 105
15 40 59
34 85 143
43 14 77
2 6 22
40 94 149
20 62 105
9 10 21
24 79 116
39 29 77
14 95 131
19 38 74
39 18 73
32 15 59
40 4 51
2 49 65
27 95 137
37 75 121
40 29 80
21 86 112
8 92 107
9 15 38
30 3 53
13 24 40
2 93 114
22 70 104
28 43 91
9 43 71
9 63 95
7 12 30
49 17 73
12 53 88
5 49 57
19 44 64
8 10 36
47 8 69
25 57 89
12 70 92
18 95 127
21 96 135
21 62 99
21 76 102
2 75 100
34 67 105
10 0 19
16 5 45
38 81 131
29 53 106
42 42 103
2 9 19
37 68 114
27 61 96
19 92 111
3 57 84
36 18 60
45 27 81
40 69 120
13 53 67
11 94 124
17 8 34
45 28 97
48 63 129
31 98 130
33 10 63
41 9 51
28 72 106
11 37 50
3 57 84
10 24 49
27 36 83
34 72 108
32 60 100
5 1 27
8 9 28
33 46 94
9 12 42
37 1 52
13 99 115
26 57 91
31 63 109
36 47 99
39 54 95
26 64 104
42 80 127
6 82 109
25 30 76
22 25 47
28 78 124
43 74 135
30 17 70
16 9 41
38 82 127
17 51 79
3 60 79
26 0 31
15 51 78
3 92 104
3 2 24
30 51 85
33 2 44
31 8 47
14 52 73
42 68 121
47 97 166
34 45 79
35 82 136
16 22 46
36 7 66
38 95 139
43 23 72
45 34 103
9 56 84
15 22 57
28 17 47
48 54 123
9 14 44
42 52 98
4 64 87
15 38 56
23 98 139
22 82 122
49 35 90
47 27 97
21 41 71
32 16 58
24 79 109
15 81 114
24 50 83
15 65 88
45 55 104
48 78 136
24 73 114
36 34 75
27 55 89
42 38 104
26 85 127
8 67 85
23 71 105
17 94 129
31 96 148
6 10 23
14 19 49
37 73 119
16 92 112
28 64 96
36 24 84
45 26 80
19 43 80
37 79 136
49 6 68
23 75 104
16 74 93
21 64 108
42 7 56
30 22 54
28 40 86
31 13 47
46 23 92
34 23 61
30 98 135
34 63 97
19 4 43
28 77 117
5 67 86
47 88 143
38 87 129
27 98 131
12 42 69
29 1 31
5 56 62
36 15 71
39 10 66
42 81 131
14 71 93
44 6 67
33 41 93
8 78 93
32 53 86
46 22 87
17 62 95
35 64 112
36 2 55
42 32 98
6 36 45
19 49 80
37 33 77
27 50 83
34 68 122
48 27 97
33 9 62
4 53 80
15 63 80
2 33 47
32 74 127
33 91 129
16 38 57
8 35 52
14 83 101
25 27 60
24 55 94
49 54 116
41 67 112
5 53 72
23 80 108
36 99 150
34 0 46
30 28 64
13 44 60
13 97 114
47 26 80
20 2 43
45 83 150
20 15 53
43 55 103
46 64 134
27 79 107
45 23 68
12 24 39
13 11 28
10 26 55
13 71 95
28 50 94
6 13 38
42 56 99
9 78 102
25 94 137
39 79 118
30 36 80
32 22 59
41 27 70
35 59 98
36 11 53
36 47 104
48 56 108
34 41 79
35 64 115
48 54 122
28 49 101
10 58 69
4 50 64
34 10 63
18 37 67
38 38 78
21 44 80
33 10 54
17 0 21
41 88 141
40 83 147
24 83 130
15 60 92
30 6 54
37 81 128
36 15 57
25 76 102
40 5 52
31 95 135
42 31 92
46 95 159
5 38 64
48 49 103
47 55 102
4 65 80
35 94 137
26 81 119
10 62 93
29 22 54
