300
51 3 102
98 0 284
40 4 100
45 1 130
50 43 160
51 48 141
59 49 151
58 48 155
50 43 150
82 48 241
42 108 208
50 110 217
43 112 241
33 110 174
55 116 194
33 111 178
31 155 220
33 155 227
56 154 311
120 153 479
42 218 307
31 222 281
40 217 327
120 248 534
45 248 345
52 342 471
56 336 431
58 333 423
56 338 481
34 342 387
51 342 468
129 390 654
53 390 527
49 380 462
96 381 528
51 381 506
45 390 478
44 442 560
43 441 571
54 442 544
35 444 515
35 447 508
86 488 703
84 488 647
41 484 582
39 489 577
52 486 618
58 544 714
37 545 612
46 591 675
47 597 696
37 590 704
47 597 729
53 597 736
41 643 747
52 641 741
36 637 709
57 639 745
56 639 749
48 685 794
32 682 744
51 684 775
52 689 824
44 721 831
46 718 817
132 724 958
53 783 924
144 789 1132
33 876 937
55 867 986
92 871 1110
53 921 1025
42 915 1028
39 924 993
147 961 1207
58 955 1062
52 959 1062
96 955 1207
38 1059 1167
47 1050 1128
135 1051 1431
51 1057 1200
50 1056 1178
41 1050 1163
58 1106 1212
57 1101 1255
52 1098 1211
46 1108 1194
30 1143 1229
132 1139 1508
39 1136 1197
59 1196 1292
53 1201 1309
54 1200 1338
59 1197 1298
45 1199 1288
96 1195 1428
54 1266 1346
33 1268 1364
40 1263 1341
50 1267 1340
49 1306 1426
48 1308 1404
120 1307 1544
49 1308 1421
30 1383 1468
30 1390 1453
32 1387 1480
39 1388 1462
32 1383 1470
51 1414 1502
138 1412 1659
90 1416 1546
92 1415 1631
49 1409 1518
50 1500 1623
52 1507 1596
35 1545 1614
30 1548 1625
56 1540 1639
94 1547 1807
46 1547 1645
58 1544 1706
57 1594 1693
55 1601 1751
96 1593 1865
30 1599 1666
54 1642 1748
32 1652 1697
35 1646 1702
90 1650 1862
31 1699 1778
45 1694 1794
46 1692 1819
41 1696 1777
48 1698 1776
46 1732 1847
51 1734 1808
46 1733 1842
56 1735 1860
36 1783 1859
50 1782 1910
49 1780 1892
32 1780 1869
37 1776 1861
34 1776 1848
37 1816 1917
44 1814 1876
44 1807 1920
51 1806 1891
33 1810 1885
58 1811 1966
40 1861 1929
30 1859 1942
80 1899 2126
34 1896 1996
57 1896 1996
92 1900 2105
30 1897 1957
43 1892 1958
46 1937 2033
35 1943 2014
47 1945 2082
42 1943 2020
57 1938 2106
32 1945 2008
58 1987 2122
42 1981 2096
126 1987 2184
47 2066 2145
38 2072 2161
36 2074 2138
45 2109 2194
135 2107 2360
33 2106 2203
41 2108 2198
82 2109 2235
57 2107 2252
43 2177 2287
32 2178 2240
43 2184 2278
51 2221 2346
123 2217 2538
54 2220 2375
55 2217 2312
41 2223 2329
34 2281 2342
41 2283 2346
51 2283 2357
38 2283 2395
35 2280 2337
51 2277 2357
44 2313 2439
41 2313 2426
59 2318 2493
46 2317 2417
47 2312 2438
53 2369 2477
52 2374 2490
98 2418 2565
39 2422 2496
50 2414 2498
56 2418 2563
58 2465 2577
41 2470 2590
33 2463 2552
30 2503 2553
41 2507 2625
36 2532 2628
52 2529 2673
45 2527 2609
48 2534 2643
144 2529 2888
44 2529 2602
43 2590 2688
51 2596 2692
39 2590 2671
40 2596 2674
41 2588 2696
39 2592 2671
82 2631 2777
42 2631 2730
55 2628 2723
44 2628 2748
55 2626 2718
120 2680 3023
32 2673 2764
32 2677 2739
86 2729 2882
50 2731 2838
42 2726 2837
58 2728 2838
55 2729 2887
48 2731 2800
40 2789 2859
46 2795 2901
31 2789 2840
51 2820 2913
135 2824 3132
53 2824 2975
54 2820 2908
59 2826 2999
52 2821 2941
41 2886 2995
32 2877 2932
80 2887 3121
32 2884 2970
54 2886 2989
32 2885 2957
49 2916 3000
56 2922 3001
57 2922 3059
51 2963 3063
44 2969 3081
41 2963 3049
50 2967 3082
135 2967 3331
33 2972 3049
31 3040 3083
50 3038 3184
36 3037 3127
44 3038 3104
35 3071 3144
31 3073 3126
56 3103 3246
48 3102 3226
38 3102 3220
88 3104 3370
32 3153 3238
30 3148 3203
46 3171 3294
43 3171 3256
56 3178 3264
51 3176 3302
123 3171 3408
40 3215 3283
55 3222 3362
49 3215 3331
49 3261 3399
52 3254 3402
59 3253 3398
32 3263 3314
58 3253 3431
34 3260 3311
52 3303 3407
35 3301 3378
43 3349 3453
38 3351 3445
39 3390 3446
44 3383 3467
59 3381 3519
40 3390 3448
54 3422 3505
56 3420 3525
34 3421 3470
33 3423 3494
53 3418 3551
55 3474 3607
40 3479 3579
35 3478 3576
