150
1 12 24
1 17 24
8 2 16
0 14 21
18 6 31
13 6 20
22 8 39
22 16 46
22 1 28
16 9 26
13 5 26
23 15 48
28 15 44
5 12 26
17 15 35
20 7 30
21 16 41
7 14 31
31 9 40
32 15 56
14 1 17
33 18 57
6 3 15
18 7 28
19 8 35
16 13 37
34 5 44
24 9 40
6 12 18
35 4 48
19 18 37
38 13 61
7 7 24
27 16 49
36 11 48
37 10 47
11 3 16
14 12 27
7 1 8
43 5 55
28 14 48
20 17 37
20 7 30
22 6 36
31 9 47
47 12 66
38 6 52
51 10 62
51 2 55
31 16 55
54 7 61
55 5 66
33 6 43
40 9 59
18 7 28
49 6 60
35 1 46
57 16 82
38 2 50
46 4 54
34 3 37
25 7 40
38 3 44
35 15 50
46 3 50
21 18 40
36 14 56
24 4 32
26 3 31
32 10 48
22 1 26
50 1 57
70 18 96
46 1 51
14 14 36
58 10 71
31 11 45
42 15 59
39 5 47
34 11 48
73 18 92
49 1 54
71 7 82
41 16 58
53 9 64
73 12 89
31 2 37
64 17 85
79 16 97
31 5 38
27 3 38
49 8 63
22 11 38
19 11 30
67 5 73
59 12 77
44 11 55
78 1 79
60 14 74
21 9 37
39 6 45
20 10 38
70 15 92
45 4 51
68 2 74
68 8 82
92 18 110
88 12 109
61 10 79
93 7 107
66 1 72
79 6 95
43 13 61
62 4 66
75 10 92
84 13 104
101 10 114
85 8 93
87 3 97
72 14 96
31 1 33
58 14 79
80 11 92
67 6 76
73 11 90
60 7 75
46 5 59
103 9 112
36 15 56
75 3 86
107 8 117
26 10 39
52 2 54
87 11 104
69 16 89
33 11 53
99 6 109
79 16 101
45 1 55
102 4 115
111 6 119
44 4 53
57 4 70
72 11 86
96 13 112
101 5 116
102 7 115
114 3 127
91 17 117
40 12 59
