400
1 0 1
19 0 19
4 0 4
13 0 13
18 1 21
11 3 15
12 3 17
13 6 20
3 8 11
17 11 28
16 13 30
10 14 24
15 16 34
14 17 32
9 18 28
10 20 30
15 22 40
5 26 32
10 28 39
17 28 47
18 31 50
16 37 53
3 37 40
15 39 55
4 42 46
6 45 51
13 49 62
13 50 64
15 50 67
12 52 65
19 52 72
12 54 68
8 56 64
2 57 59
14 58 72
19 59 81
13 60 76
9 67 76
15 68 85
8 68 77
2 70 72
1 72 73
19 73 94
13 73 88
10 73 83
2 77 79
11 79 91
3 79 82
8 79 87
2 80 82
8 81 89
3 82 85
13 83 97
3 85 88
3 85 88
11 86 98
1 88 89
1 88 89
6 89 96
5 89 94
3 89 92
13 91 106
19 94 114
2 95 97
1 96 97
4 97 101
14 97 113
4 98 102
5 100 105
7 101 108
6 102 108
6 102 109
9 107 117
10 108 119
1 108 109
4 109 113
18 110 131
11 110 122
14 111 127
6 117 123
8 119 128
16 122 138
10 124 135
2 126 128
10 128 139
10 129 139
18 131 149
17 134 152
5 134 139
2 135 137
5 137 142
13 139 153
19 139 160
1 140 141
18 141 160
3 141 144
11 143 156
7 144 152
10 151 163
3 151 154
11 151 162
1 152 153
15 153 170
1 156 157
19 157 177
18 158 177
19 160 180
8 160 169
5 161 166
2 163 165
5 164 169
5 168 173
18 169 189
10 169 180
17 170 190
16 172 190
5 174 179
16 176 195
4 177 181
8 181 190
12 183 197
17 184 201
18 186 207
7 191 199
8 195 204
15 197 212
17 198 218
12 200 213
5 201 206
7 203 211
1 206 207
14 207 223
11 207 219
14 207 222
17 207 225
8 211 220
13 212 227
19 216 239
12 220 234
10 221 232
15 222 240
17 223 242
18 224 243
7 225 232
12 228 240
18 228 249
6 230 236
2 233 235
1 234 235
4 234 238
7 235 243
16 238 256
2 238 240
17 238 257
15 240 257
14 245 261
11 245 257
16 246 265
9 248 259
11 250 263
6 256 263
4 257 261
1 258 259
18 259 279
6 261 268
10 261 271
19 263 283
15 263 280
10 265 275
10 268 278
16 274 292
10 275 285
17 277 294
3 280 283
19 281 301
15 282 297
7 284 292
6 288 294
10 290 301
3 290 293
19 291 313
8 293 301
17 294 311
18 299 321
9 301 310
19 306 329
2 307 309
7 308 315
11 308 319
1 310 311
14 311 325
1 312 313
18 312 331
13 313 327
17 316 335
18 320 341
10 321 331
4 324 328
15 325 341
3 328 331
4 329 333
9 330 340
2 330 332
16 332 348
4 335 339
8 335 343
13 336 349
17 338 355
19 339 358
15 339 356
19 339 361
17 340 359
10 345 357
10 348 358
8 350 359
2 350 352
12 351 363
8 351 360
3 351 354
6 354 360
9 354 364
6 357 363
13 359 373
14 360 374
19 360 381
13 363 376
11 363 374
11 365 376
9 369 380
14 373 389
17 373 391
14 374 389
1 375 376
6 376 383
15 376 392
19 378 399
11 382 393
8 385 393
17 387 407
2 390 392
18 391 410
11 391 403
6 394 400
4 396 400
8 398 406
10 399 409
4 399 403
18 401 419
19 403 424
12 403 415
9 406 415
10 410 421
10 412 422
8 413 422
16 413 432
17 415 436
12 417 429
2 422 424
1 423 424
14 423 437
3 424 427
8 424 432
10 426 438
3 427 430
17 427 445
8 428 437
3 430 433
17 431 450
11 433 445
15 433 448
5 435 440
8 438 447
13 440 454
11 442 454
16 443 461
10 444 454
1 445 446
17 446 464
5 448 453
8 450 458
12 451 463
19 455 475
14 457 471
7 459 466
11 461 473
6 462 469
5 462 467
1 463 464
19 464 487
18 465 487
13 466 481
19 472 494
8 480 488
1 480 481
6 481 487
10 481 492
4 481 485
10 483 493
3 483 486
11 483 495
8 484 493
11 486 498
10 486 496
15 489 506
5 492 497
6 492 499
9 495 505
17 495 514
8 496 504
19 498 519
16 498 514
13 499 514
4 499 503
10 500 511
7 503 510
15 505 520
7 509 517
8 512 520
13 512 526
12 512 526
12 514 527
14 516 532
14 518 532
5 519 524
17 519 537
5 519 524
14 520 535
19 520 539
9 525 535
2 525 527
18 526 546
11 527 538
12 529 541
12 533 547
18 533 554
19 534 557
11 538 551
5 539 544
6 539 545
4 541 545
5 542 547
10 544 555
1 546 547
16 546 562
9 547 556
7 547 554
1 553 554
14 554 569
17 556 575
2 557 559
9 558 568
14 558 574
1 563 564
15 564 582
6 564 570
4 566 570
6 568 575
2 569 571
11 571 582
8 571 580
7 572 580
2 573 575
18 574 594
2 574 576
14 576 592
8 576 585
19 578 601
12 578 590
3 581 584
13 583 597
5 583 588
19 585 604
9 588 597
9 589 598
15 590 608
5 591 596
5 592 597
10 594 606
6 595 602
12 595 609
19 597 617
19 600 620
2 603 605
13 605 620
13 605 620
12 611 624
3 614 617
5 618 623
8 618 626
3 619 622
13 620 634
9 621 630
15 622 637
15 626 641
18 635 653
13 646 660
2 660 662
1 661 662
18 662 684
1 682 683
