400
8 1 10
7 2 13
5 0 8
7 1 10
5 2 11
5 1 7
9 3 14
3 3 10
2 2 5
7 2 11
5 2 8
5 3 11
8 4 14
1 4 8
5 3 11
6 4 14
6 6 14
5 4 12
8 6 17
5 5 11
9 6 19
10 6 18
6 7 14
6 6 14
5 7 13
2 7 10
3 8 12
10 7 20
10 8 19
7 9 20
2 8 14
4 8 13
4 10 18
3 8 12
2 8 11
3 10 17
10 10 21
4 10 15
5 11 17
4 10 18
1 10 15
10 11 23
1 12 15
8 11 22
9 12 22
7 11 22
7 13 21
3 13 17
9 13 23
4 14 22
6 14 23
2 13 17
3 13 19
9 15 25
10 15 29
10 15 29
8 14 23
1 15 17
10 16 29
9 15 28
10 15 26
9 15 28
7 17 26
4 18 26
6 18 27
7 16 26
9 17 30
1 18 20
9 18 29
4 18 25
2 19 25
4 18 25
5 20 29
1 18 23
10 20 31
6 19 26
4 20 26
2 21 27
6 21 31
2 21 27
4 21 29
3 22 26
3 22 26
7 20 31
7 21 30
6 21 29
2 23 29
7 21 29
3 23 29
9 23 34
5 23 31
1 23 28
1 23 27
3 25 29
4 23 28
2 25 28
9 24 37
9 26 39
6 25 33
6 24 31
9 26 38
9 25 35
3 25 31
5 26 34
5 26 32
8 27 38
4 28 33
10 28 41
10 27 39
3 28 34
2 29 35
9 28 38
7 28 38
2 30 33
9 30 40
1 29 33
7 30 38
6 30 38
10 31 43
6 30 37
2 30 35
9 30 41
3 32 36
9 33 43
5 31 38
7 33 42
1 31 33
7 32 40
3 33 37
7 33 42
4 34 39
10 34 47
10 33 44
6 34 41
3 34 41
10 34 45
10 35 47
7 34 44
2 35 39
7 34 45
2 35 38
5 36 44
2 37 42
3 37 41
8 36 48
3 36 42
8 38 49
9 38 48
5 38 47
10 38 52
3 37 44
6 40 47
6 38 46
8 39 50
9 40 53
2 40 45
7 39 49
6 39 48
5 40 48
2 40 44
6 41 51
8 41 51
3 40 45
9 42 55
3 42 49
5 41 47
3 43 48
5 42 48
6 43 51
1 44 49
3 42 48
10 42 53
3 43 49
3 44 51
8 45 55
9 43 54
6 45 52
8 46 58
8 45 57
3 46 50
6 46 53
9 45 58
3 46 51
3 46 52
6 47 57
6 48 57
9 46 58
1 48 51
2 47 51
6 48 55
1 49 51
8 48 60
5 49 58
5 49 55
7 50 61
3 51 56
3 49 55
4 50 58
8 51 62
8 52 62
6 50 57
4 50 57
8 51 62
3 50 55
6 52 62
4 52 60
4 53 60
8 53 62
2 53 58
2 53 57
7 54 62
1 53 56
2 55 58
2 55 59
5 55 62
6 55 63
5 55 63
2 56 62
5 54 63
8 55 64
9 57 67
3 56 62
6 56 65
4 58 63
6 56 66
6 58 66
1 56 59
2 57 61
9 58 69
7 59 69
5 59 65
4 58 63
4 59 67
2 60 65
4 58 66
9 60 71
5 61 70
1 60 63
1 60 62
4 61 69
3 60 64
4 60 65
5 60 69
8 61 71
8 62 74
2 63 67
10 61 74
1 64 68
6 63 72
6 63 71
5 64 73
5 64 71
5 65 74
1 65 70
5 64 73
2 64 68
7 66 74
4 65 71
7 64 74
3 65 69
3 67 73
3 65 69
9 65 75
2 67 72
6 67 74
3 68 74
6 68 76
5 69 76
5 67 75
2 69 75
5 69 78
1 67 69
4 68 75
9 70 82
6 68 78
6 69 79
8 70 82
7 70 81
8 71 83
7 70 80
6 71 81
9 71 84
1 72 76
10 73 85
2 71 76
1 71 76
10 72 83
1 73 77
1 73 76
6 73 83
7 73 84
3 74 79
5 73 81
7 73 83
10 73 87
10 74 85
6 75 83
1 75 77
9 76 86
2 76 81
8 75 87
10 75 89
10 76 89
4 77 82
6 77 85
10 78 92
2 77 83
9 78 91
10 79 90
9 77 90
6 78 88
1 78 83
7 80 90
1 79 84
5 79 87
2 81 84
5 80 88
3 80 85
5 79 87
1 79 83
1 82 84
1 82 85
5 82 89
8 82 93
5 81 87
8 82 91
1 81 86
6 82 91
10 84 98
8 83 94
9 84 96
9 84 94
2 85 89
2 84 88
7 85 96
4 85 90
7 85 96
5 86 93
9 86 97
5 86 92
5 87 94
1 87 89
5 85 94
6 86 95
3 87 92
10 88 102
8 87 96
2 87 92
9 87 100
8 88 100
9 89 99
4 89 95
5 89 96
4 90 98
8 90 99
4 89 96
3 90 95
2 91 94
3 90 95
7 91 102
9 91 104
8 90 100
9 91 101
8 91 100
2 92 95
2 91 95
2 92 97
9 93 103
7 93 104
9 93 103
9 93 103
4 93 100
5 93 101
8 95 106
5 95 103
1 95 98
6 94 103
5 95 104
9 96 108
9 95 107
5 95 101
10 97 110
2 97 101
4 96 104
4 97 103
10 97 109
4 98 105
7 97 106
5 99 106
1 98 100
2 98 103
5 99 108
6 98 105
7 99 107
9 100 110
2 99 103
3 101 106
3 101 106
6 100 107
4 100 107
