350
11 133 146
9 427 442
11 482 496
4 485 494
18 681 701
3 510 518
10 680 694
1 568 572
14 549 565
18 124 147
15 134 149
5 586 599
18 545 571
18 9 32
13 643 657
3 539 552
10 484 496
16 487 512
10 316 333
5 239 249
11 405 425
17 385 405
7 43 58
6 595 609
20 329 349
16 103 126
12 172 187
6 581 593
8 254 269
17 468 492
20 13 37
4 625 635
5 663 669
11 141 159
20 53 73
4 37 51
12 53 67
6 389 405
7 78 90
8 29 45
7 407 422
9 573 586
7 478 490
10 531 546
11 324 344
14 132 154
10 149 165
4 62 72
19 224 244
8 634 652
6 280 290
20 364 387
1 628 629
18 300 325
6 591 602
9 671 685
13 451 471
9 272 291
1 561 568
18 238 264
13 325 341
12 320 337
10 309 319
13 598 618
15 291 307
16 398 421
18 552 578
7 217 225
3 43 49
20 170 196
1 261 269
12 486 502
1 613 624
15 336 357
8 157 173
14 9 24
11 468 484
16 33 59
5 194 204
10 238 249
1 413 415
3 25 32
15 344 363
16 513 537
10 598 615
4 583 595
19 474 496
3 466 477
14 10 29
4 493 505
8 9 23
18 446 474
17 392 418
4 686 693
17 632 652
10 198 218
14 293 317
3 359 371
12 579 594
17 221 247
19 81 110
10 610 620
7 690 701
11 487 500
14 662 682
11 136 152
16 493 518
4 636 650
5 290 300
10 370 380
16 615 638
10 523 538
15 23 41
18 649 672
10 681 697
10 23 38
20 68 88
8 293 309
18 337 359
2 322 332
5 122 134
3 88 92
16 207 224
13 679 696
12 418 433
18 528 554
4 513 524
9 245 255
8 287 295
19 7 35
7 326 336
17 47 67
19 528 557
19 43 67
2 71 76
19 78 106
10 641 654
17 628 654
10 123 133
6 272 282
14 439 463
1 247 251
9 341 352
3 348 359
12 417 435
6 608 621
18 410 434
12 269 286
7 557 574
13 633 655
5 155 162
6 251 266
8 441 459
18 152 178
5 215 222
12 568 582
3 76 80
8 15 25
14 583 603
11 647 658
3 119 129
13 279 295
14 625 646
14 445 461
3 98 109
16 545 564
19 140 161
2 189 193
16 653 678
11 677 689
5 353 359
17 608 631
10 476 493
5 277 283
14 268 284
19 50 72
7 189 202
7 85 100
8 22 33
1 16 22
1 302 305
8 193 207
9 587 605
4 397 403
14 146 163
15 58 83
7 604 619
20 382 411
2 337 341
18 377 402
14 302 322
10 32 51
15 260 282
14 357 377
11 197 214
9 634 653
7 218 234
2 305 311
3 623 633
17 420 440
3 665 675
4 29 36
8 485 495
16 70 93
1 105 106
16 88 113
18 406 426
6 4 20
18 629 656
8 92 105
12 168 182
15 285 301
8 42 59
15 385 403
15 25 42
2 286 292
4 117 127
7 328 344
19 668 696
16 558 584
7 69 76
10 622 640
2 309 312
14 500 520
20 406 427
3 196 199
10 246 262
15 267 286
20 516 544
17 380 400
9 349 363
13 247 270
4 675 681
20 368 393
15 568 585
8 511 527
12 177 197
8 623 636
16 491 514
20 376 397
18 257 284
15 104 123
6 473 481
17 366 388
12 50 63
3 121 125
16 431 451
3 272 276
14 139 154
7 441 458
18 493 512
1 380 388
11 543 560
5 142 152
9 118 131
17 226 245
17 500 517
2 9 18
13 234 251
7 452 461
3 4 14
5 624 629
8 352 366
19 612 631
13 432 448
20 680 706
2 230 233
13 462 476
10 689 708
10 22 37
8 433 451
13 154 168
18 280 301
10 177 197
10 246 256
18 569 590
1 451 456
7 370 383
14 321 341
10 438 450
8 367 383
2 469 473
12 365 380
18 240 263
6 653 666
12 468 486
14 100 120
4 23 31
11 111 125
6 686 695
5 80 91
17 413 432
15 216 231
6 555 569
11 580 596
15 118 137
6 549 556
16 192 210
20 385 411
16 49 69
6 22 35
15 91 113
13 504 527
7 534 549
6 131 144
14 351 374
1 306 308
7 12 24
10 154 174
17 454 474
16 302 319
9 627 638
18 608 635
4 692 701
8 376 389
6 225 238
19 512 537
18 220 245
7 231 248
3 499 507
9 440 452
2 269 277
19 466 487
16 20 41
16 502 527
12 206 226
11 661 672
17 127 144
10 15 28
15 115 132
10 502 518
19 342 363
6 61 73
17 513 532
16 520 543
3 50 55
20 299 326
3 626 630
15 40 61
16 266 286
15 572 591
20 64 90
3 59 68
12 396 413
4 272 277
8 554 563
19 660 686
20 66 95
5 87 95
18 125 149
