250
11 46 65
14 241 261
13 281 302
14 74 96
14 216 232
17 101 126
10 224 242
17 536 562
17 591 615
10 11 24
11 252 271
10 367 385
17 185 210
10 272 284
18 415 435
13 173 195
20 134 161
10 71 89
11 383 398
12 207 227
12 63 81
12 47 62
14 102 120
11 537 554
20 404 427
13 421 440
18 246 265
20 132 154
15 489 506
18 477 501
16 463 481
15 121 142
10 474 485
17 277 297
19 31 56
16 29 46
14 469 487
20 303 328
12 367 386
17 3 27
15 24 43
16 410 430
20 576 603
15 104 120
10 266 279
13 452 472
20 326 355
15 232 251
17 436 458
11 321 338
16 385 410
12 332 349
17 545 567
13 37 51
13 430 444
11 409 426
19 607 630
11 571 586
11 477 495
19 452 473
12 522 540
12 123 137
10 379 396
10 540 559
10 393 405
13 533 547
14 596 614
17 34 56
17 326 350
14 183 206
10 326 341
10 450 464
16 302 321
17 356 376
10 7 19
13 58 72
17 158 176
19 145 168
12 18 34
19 291 319
20 256 279
10 148 167
20 468 496
11 510 526
16 512 537
19 244 267
17 203 228
19 401 423
12 160 178
10 599 616
11 424 443
12 317 334
19 575 595
10 529 542
20 477 501
18 200 219
11 432 447
12 209 223
16 446 466
17 286 304
10 531 548
11 291 311
16 37 55
18 443 468
20 209 234
20 506 534
15 219 241
17 98 120
18 232 256
17 402 427
20 574 599
14 418 440
12 270 291
16 134 156
19 347 369
13 376 395
16 483 508
20 388 409
18 147 172
16 58 80
17 43 62
12 186 201
12 293 306
15 97 116
15 331 349
16 139 156
17 60 79
15 390 407
20 335 356
17 457 478
13 281 302
10 606 618
16 457 481
19 247 270
14 363 383
17 175 200
15 283 299
17 326 345
15 1 18
16 365 387
18 40 63
17 528 551
17 383 406
12 83 100
16 73 91
18 421 444
15 209 228
14 340 360
15 61 82
20 125 153
15 126 148
18 303 330
12 180 193
17 185 207
14 141 163
17 602 622
16 233 252
10 403 421
12 333 347
10 399 414
12 267 288
15 393 411
16 429 446
18 446 468
10 206 223
11 38 54
15 448 469
13 17 34
19 147 173
18 22 48
14 172 189
15 586 609
17 431 450
10 563 581
20 301 323
17 272 292
13 545 562
17 427 453
17 62 87
12 491 508
20 151 178
10 28 41
20 9 32
18 444 464
17 130 155
13 409 423
15 219 237
20 285 309
14 394 415
10 50 66
19 620 642
16 303 320
18 179 204
12 418 433
13 87 101
13 401 422
17 302 327
14 18 34
13 611 630
15 311 330
16 596 619
15 243 263
19 492 518
11 617 636
15 613 631
10 134 151
19 488 515
20 212 241
14 557 576
10 54 68
13 264 279
12 299 313
18 615 640
11 142 161
14 567 586
12 124 137
10 501 520
12 285 306
20 379 402
20 12 38
15 244 267
12 324 339
16 504 521
19 582 606
12 532 548
15 124 144
15 322 341
11 347 361
10 372 388
13 546 566
14 204 227
10 470 488
11 54 66
15 154 174
12 599 613
13 333 354
16 349 366
10 53 70
12 497 518
17 606 629
17 265 289
10 514 532
20 336 364
15 502 524
18 425 446
14 572 588
19 408 429
15 316 338
14 523 540
18 437 463
