200
1161 246 2784
318 644 1655
1086 1863 4226
537 68 1379
576 723 1507
182 1998 2449
177 1310 2642
420 1277 2212
1980 1283 4402
59 765 2092
28 919 2344
1874 1236 3708
1415 1867 4838
1393 1151 4165
1366 240 3031
537 846 2427
1043 1129 2870
1675 1503 4971
840 1892 2841
1266 807 3444
410 1803 3462
1777 1108 3679
69 52 1010
579 1216 2380
696 1820 2623
534 1461 2904
1518 570 2820
982 1861 4025
1195 1136 2470
1943 1531 3834
1137 1389 2587
983 1178 4045
619 1130 3545
314 724 1197
701 142 1610
1249 830 3653
721 1875 3132
255 575 2608
143 385 2257
881 1725 3672
945 420 2496
309 668 2578
943 984 3330
454 914 3096
57 1648 3240
1905 158 2565
1081 1635 4171
1078 742 3564
872 56 939
1252 45 2040
827 1279 2962
1325 414 2848
299 615 2073
1410 902 2691
1059 788 1970
736 1644 3879
885 1337 3743
559 1841 2448
163 875 2692
72 1172 1904
1547 1567 3230
1238 1760 4098
1982 1729 5396
416 1882 3634
592 1976 3935
649 979 3265
1371 375 2804
333 107 1060
434 1670 3160
1249 1350 2860
555 1970 3033
326 1819 2434
547 1156 2392
927 346 1491
552 1383 2398
439 805 2708
905 1316 3873
695 1403 3965
1866 799 3664
1132 302 3368
1157 1261 2732
587 1962 3280
262 369 1424
525 1516 2591
1066 1698 3231
1659 1071 4709
250 1255 2225
1592 1239 4820
1935 1905 5086
1938 1676 5029
1589 1899 3716
1543 1320 3205
194 950 2098
773 1377 3579
96 1153 2574
1960 1665 4930
471 433 1249
1842 1399 3375
1882 862 2758
652 185 2226
379 118 1303
192 1046 2734
975 128 1346
1551 1443 3791
1672 1557 4984
268 897 2856
552 247 1811
1000 120 1782
1734 1743 5401
1416 31 2493
987 1447 3443
1554 484 3892
742 172 2763
121 1976 2165
170 1815 2356
1182 787 3772
420 492 2069
146 961 2329
891 876 2079
610 1849 2505
908 342 1528
783 1021 2212
332 450 1762
1445 1998 4100
1831 1650 4665
1962 1249 3910
337 93 2385
930 670 2682
78 157 501
1976 14 3395
921 1393 2637
1197 1304 4391
783 477 1694
927 329 2387
1242 976 3567
221 1140 3094
680 1954 3857
1372 370 3453
1695 710 3142
641 1298 2773
1783 82 2283
1478 171 2865
1092 1329 3565
1842 410 2947
939 1278 2431
1761 1564 3544
503 1136 2955
1945 387 3237
930 1589 3819
1175 378 2012
655 1073 1983
704 1862 4116
367 534 1788
1499 1328 3186
31 43 1752
887 1383 3744
1755 782 3358
1154 1938 4202
1076 1242 3686
696 1895 3437
995 337 1736
1623 237 2014
1584 90 2921
898 1591 2865
1744 855 3780
1363 419 3285
36 174 2092
1305 411 3682
651 940 1739
269 1035 2809
31 1120 1822
1073 1154 3625
1634 1010 3855
1857 1031 3635
327 1986 3695
391 1241 2746
566 344 2035
438 1383 1904
1768 809 4415
1279 1894 4522
885 1910 3433
154 1068 2574
769 1082 3419
1537 1092 3735
743 1993 3194
771 1081 2497
1764 1609 3876
1725 1929 3805
363 946 2864
170 642 859
1664 505 3647
436 422 1756
1361 1728 4911
1584 930 3638
1623 304 3043
90 686 1471
1095 380 3454
717 702 3195
729 1178 3856
144 437 1473
