450
145 0 178
59 3 119
70 2 102
57 0 115
42 0 72
51 66 169
55 61 173
72 63 180
54 65 187
69 124 254
57 122 230
52 115 203
55 118 205
66 119 215
42 175 258
64 183 316
65 177 274
55 183 291
55 253 362
65 246 341
52 244 338
56 245 357
69 251 356
77 252 364
70 252 363
73 311 432
45 303 394
69 310 442
45 308 421
72 308 418
73 367 509
55 373 478
42 371 470
58 369 482
49 368 461
41 436 523
74 438 547
51 440 536
73 439 545
46 436 521
73 434 572
75 500 623
49 497 603
78 502 627
77 506 635
42 565 668
48 557 672
69 563 677
58 562 661
46 622 718
75 624 749
74 620 751
59 625 718
64 625 741
45 685 790
47 681 764
64 687 817
62 689 788
61 680 801
23 731 807
43 735 846
55 737 823
44 731 807
51 733 839
41 733 807
24 786 859
58 786 913
47 783 887
65 788 894
66 787 898
52 782 879
71 841 959
59 850 965
77 848 990
63 843 940
74 846 974
40 846 945
56 841 933
94 903 1044
50 904 994
70 899 1035
70 902 1020
72 901 1033
72 903 1020
89 898 1037
70 957 1090
68 963 1098
74 963 1082
66 963 1097
78 959 1081
47 959 1071
44 956 1057
73 1016 1146
44 1010 1115
49 1016 1097
78 1018 1126
77 1017 1125
56 1084 1193
78 1082 1213
50 1085 1186
61 1086 1212
83 1087 1208
59 1082 1182
51 1148 1232
53 1148 1239
74 1152 1284
43 1156 1248
57 1153 1243
79 1223 1371
53 1217 1337
52 1218 1320
52 1219 1307
53 1278 1361
93 1275 1400
74 1272 1412
64 1281 1394
129 1345 1519
51 1338 1439
48 1344 1422
56 1337 1457
76 1412 1529
42 1405 1492
77 1409 1555
57 1412 1507
51 1412 1517
50 1405 1486
76 1462 1587
45 1458 1567
51 1467 1571
63 1467 1594
60 1465 1589
40 1462 1569
50 1463 1555
72 1520 1647
155 1524 1725
77 1523 1667
49 1518 1597
49 1525 1607
53 1518 1616
69 1579 1682
70 1573 1693
78 1575 1691
63 1577 1682
59 1574 1700
76 1573 1700
43 1572 1672
58 1636 1728
59 1635 1747
77 1635 1771
42 1641 1713
60 1641 1732
76 1643 1783
73 1639 1764
71 1693 1819
71 1691 1818
42 1688 1795
76 1688 1818
39 1686 1769
40 1754 1830
61 1757 1880
60 1756 1850
77 1755 1876
45 1812 1894
63 1812 1923
67 1821 1938
75 1820 1949
64 1812 1930
39 1815 1921
66 1877 1973
53 1876 1971
70 1874 2012
71 1876 1999
50 1875 1982
73 1921 2024
51 1921 2005
50 1921 2009
72 1925 2054
47 1927 2027
73 1925 2053
72 1925 2049
67 1981 2110
73 1981 2113
52 1978 2078
49 1982 2082
68 1978 2115
47 1980 2075
51 1980 2096
54 2038 2128
79 2040 2179
58 2036 2124
76 2043 2154
54 2036 2121
54 2098 2196
74 2097 2210
63 2100 2230
40 2103 2191
58 2161 2281
59 2162 2272
110 2157 2318
67 2158 2257
66 2158 2283
74 2205 2337
40 2205 2292
86 2212 2333
59 2212 2301
68 2206 2309
76 2258 2387
52 2267 2358
63 2263 2371
46 2267 2352
41 2263 2344
60 2258 2370
65 2327 2422
48 2323 2405
71 2324 2442
44 2321 2418
71 2323 2445
50 2322 2409
67 2389 2523
79 2387 2514
41 2381 2458
61 2389 2504
116 2389 2564
46 2435 2522
57 2435 2533
75 2443 2584
40 2439 2511
76 2439 2578
44 2502 2605
50 2503 2587
62 2504 2606
71 2501 2630
41 2499 2599
51 2503 2608
64 2499 2609
57 2559 2652
57 2564 2662
44 2565 2667
54 2559 2649
42 2563 2663
135 2564 2735
44 2562 2649
58 2621 2727
54 2614 2708
53 2619 2729
40 2620 2715
42 2670 2779
58 2671 2761
44 2678 2766
60 2678 2803
40 2732 2807
46 2731 2827
54 2726 2816
58 2725 2817
60 2779 2869
52 2783 2871
161 2779 2998
69 2784 2913
51 2840 2938
24 2838 2925
74 2840 2977
76 2835 2971
75 2835 2959
67 2903 3015
79 2902 3013
57 2903 2993
100 2903 3063
48 2904 2990
48 2901 2995
68 2971 3076
47 2971 3073
52 2969 3064
55 2963 3054
46 2963 3043
67 2965 3066
57 3020 3125
78 3019 3143
53 3022 3114
75 3025 3147
64 3021 3135
26 3073 3131
48 3076 3164
74 3077 3219
57 3072 3164
77 3143 3263
56 3146 3271
53 3146 3236
25 3145 3232
44 3141 3221
41 3190 3263
77 3199 3308
49 3194 3281
42 3197 3295
77 3254 3384
61 3251 3345
181 3257 3480
70 3256 3367
54 3256 3341
51 3260 3346
53 3324 3418
52 3320 3437
66 3318 3427
43 3321 3407
109 3317 3492
52 3320 3425
55 3377 3464
51 3375 3495
75 3378 3505
73 3377 3501
72 3438 3548
43 3441 3516
73 3436 3539
68 3445 3551
59 3444 3557
41 3445 3519
58 3436 3559
76 3495 3638
58 3496 3602
63 3501 3609
77 3495 3631
74 3502 3623
45 3493 3575
49 3501 3584
66 3545 3663
61 3550 3668
54 3550 3673
63 3549 3674
53 3550 3663
45 3612 3700
47 3604 3692
66 3607 3709
42 3611 3683
73 3606 3738
66 3612 3746
49 3611 3700
68 3675 3801
56 3673 3765
45 3679 3765
40 3670 3750
70 3678 3798
68 3670 3797
47 3670 3785
45 3739 3835
56 3731 3817
78 3738 3849
55 3739 3846
77 3737 3859
74 3737 3869
59 3739 3852
61 3789 3886
58 3791 3897
93 3789 3915
72 3792 3905
61 3788 3914
58 3783 3881
76 3837 3959
49 3842 3940
44 3843 3946
59 3837 3958
63 3841 3941
42 3843 3936
64 3836 3959
75 3896 4026
62 3903 4012
48 3900 3998
68 3896 4025
71 3899 4010
66 3905 4040
49 3949 4067
43 3954 4032
56 3947 4054
42 3954 4030
114 4009 4175
50 4003 4101
68 4002 4101
62 4006 4110
57 4066 4174
66 4070 4192
42 4070 4154
59 4070 4161
67 4132 4258
65 4129 4241
54 4135 4258
70 4129 4268
67 4201 4308
66 4203 4323
78 4196 4340
62 4197 4310
78 4194 4329
61 4197 4305
48 4194 4305
73 4263 4401
47 4265 4343
53 4270 4371
68 4266 4393
76 4272 4400
43 4336 4418
68 4336 4464
65 4332 4459
42 4337 4429
59 4330 4457
75 4386 4497
51 4390 4481
56 4387 4499
66 4391 4489
48 4385 4501
65 4390 4507
59 4389 4497
28 4453 4538
43 4449 4554
61 4453 4547
45 4446 4523
41 4449 4523
47 4448 4562
42 4451 4539
64 4508 4621
62 4510 4640
79 4510 4634
56 4509 4617
57 4506 4610
57 4501 4616
43 4569 4661
49 4565 4654
64 4569 4693
69 4563 4684
49 4562 4641
74 4564 4676
78 4630 4749
40 4622 4704
90 4628 4767
78 4626 4758
48 4678 4769
51 4675 4770
48 4676 4784
78 4678 4796
56 4735 4853
79 4739 4868
69 4737 4837
50 4738 4819
77 4737 4869
79 4731 4865
43 4796 4886
50 4789 4908
63 4789 4920
170 4790 5012
55 4851 4954
50 4853 4934
55 4855 4957
54 4854 4944
47 4848 4947
