100
1 6 8
1 5 8
0 12 17
6 6 12
13 4 23
12 14 29
1 6 7
1 6 10
5 11 18
14 3 20
12 1 18
6 3 10
2 3 5
12 14 26
3 1 10
20 13 35
19 12 36
16 2 20
21 11 36
18 5 25
11 5 16
12 4 22
24 1 28
6 1 9
25 12 40
24 3 31
18 13 37
29 5 37
20 4 29
28 12 42
27 2 32
31 11 47
14 13 28
19 2 21
32 11 49
27 14 44
11 3 14
30 10 40
39 1 44
38 13 52
12 10 24
19 7 32
34 3 40
15 8 29
25 3 28
19 8 27
35 14 53
42 6 52
16 14 30
33 4 41
32 13 51
39 7 46
28 8 40
48 7 60
44 11 57
11 14 31
14 3 20
15 14 34
25 10 40
22 6 31
25 5 31
50 7 62
56 1 63
42 7 55
54 9 67
24 12 36
50 12 64
14 14 29
55 1 60
42 10 53
43 13 56
29 1 33
20 6 27
36 3 39
27 14 46
46 10 60
32 5 40
57 1 58
18 13 32
65 11 82
37 10 47
52 5 61
46 3 51
38 14 53
53 11 70
52 6 62
26 12 44
56 11 72
60 4 64
24 13 41
57 3 63
35 10 50
41 9 52
56 13 70
63 5 70
50 10 65
28 13 45
47 9 62
32 6 43
70 9 85
