400
12 392 408
17 334 353
13 938 953
20 643 666
13 423 444
14 552 575
10 342 355
20 741 763
13 928 944
10 222 235
13 587 607
18 509 530
17 41 60
19 618 643
19 792 815
12 835 851
15 264 282
15 362 386
12 341 356
16 345 362
18 806 825
16 724 747
13 59 80
20 64 86
20 482 511
20 329 354
15 476 493
11 204 217
15 691 709
14 780 795
11 577 594
18 731 753
15 85 108
13 583 604
15 59 79
16 107 129
14 336 358
12 327 345
17 864 883
11 4 19
19 63 84
14 993 1008
17 521 545
15 772 788
18 575 595
11 606 625
17 890 913
16 131 150
15 8 30
16 186 204
13 840 856
13 827 841
16 860 885
13 343 365
17 728 750
17 729 752
12 124 141
14 369 386
19 462 489
13 891 913
14 374 393
10 705 717
16 143 160
15 797 819
14 293 311
19 153 173
17 176 198
20 357 385
12 730 751
20 429 450
18 707 726
10 399 416
13 855 870
11 885 897
14 138 157
13 574 588
14 135 158
19 501 525
15 137 154
13 237 256
11 152 168
14 2 21
16 232 250
20 47 69
10 879 890
12 716 737
12 585 606
13 286 303
20 793 816
11 206 220
19 924 950
15 265 288
16 677 694
18 250 274
19 586 607
19 605 626
17 940 966
20 445 466
11 699 719
18 345 367
20 245 272
13 24 46
11 442 456
12 261 281
20 774 796
17 76 100
11 195 208
17 678 701
11 36 53
19 437 464
14 137 152
13 25 45
13 520 534
19 75 102
18 153 173
17 419 438
10 943 955
17 878 899
10 630 645
13 801 821
17 858 883
20 432 460
13 352 370
11 656 669
19 982 1010
12 555 573
17 993 1014
20 809 837
17 887 908
17 26 47
16 112 130
18 59 85
15 359 382
14 161 183
17 170 193
13 691 711
16 915 933
19 673 696
12 554 569
16 324 342
15 542 561
16 446 470
12 187 207
11 42 56
10 10 24
11 676 688
11 38 50
20 946 968
16 118 138
17 439 461
15 239 260
13 640 660
20 362 389
16 331 352
12 470 491
10 94 105
12 892 908
19 364 388
15 171 188
15 269 293
18 888 911
15 519 537
10 802 818
13 69 84
11 248 265
10 84 98
13 342 362
13 34 54
19 594 616
14 345 367
19 560 585
11 359 377
18 120 145
20 18 41
10 471 489
16 482 501
12 730 745
17 678 703
19 128 153
15 946 969
12 944 965
12 73 92
10 582 593
17 183 205
12 526 544
10 547 561
13 809 831
17 49 72
12 969 983
19 463 490
18 962 983
20 950 971
14 174 193
11 193 213
17 114 133
10 920 937
13 542 564
20 549 576
18 53 78
15 446 464
12 606 623
11 768 787
19 144 164
11 17 31
16 847 870
15 42 66
16 325 348
19 20 42
20 686 714
14 497 512
18 816 839
20 67 91
18 644 666
20 599 621
10 823 839
12 714 730
16 938 962
20 973 1002
19 173 201
18 884 903
17 932 952
18 151 178
19 724 746
19 621 646
15 66 88
15 866 885
16 339 359
20 270 291
19 432 457
12 351 370
20 186 207
12 680 695
14 227 244
19 683 709
18 913 932
19 626 649
18 628 647
14 171 190
13 682 698
15 603 622
17 158 178
17 295 318
14 433 448
15 255 278
12 188 208
15 800 819
20 171 199
20 660 682
18 183 210
16 342 367
16 114 132
13 234 251
10 715 734
12 749 763
17 434 455
20 628 656
14 240 263
11 881 898
10 467 482
15 109 132
14 966 983
13 976 998
16 725 748
20 180 204
13 798 819
11 444 457
11 474 487
20 711 732
18 806 832
11 811 823
20 490 516
13 200 218
18 59 85
17 563 587
11 611 628
15 282 306
20 913 937
15 772 793
10 606 623
16 810 831
10 770 785
18 556 582
16 393 416
20 38 64
13 409 428
13 488 507
18 611 633
11 671 684
11 321 341
12 9 27
16 465 489
16 51 70
20 290 317
12 38 57
14 317 338
13 283 297
19 801 821
19 76 100
17 452 470
13 455 471
18 835 862
20 785 810
13 331 352
18 382 404
20 36 57
10 185 204
14 587 608
14 773 796
17 678 699
18 565 585
12 890 909
10 138 153
15 869 890
10 87 98
17 67 86
17 4 25
15 416 434
10 382 401
19 589 613
20 31 60
13 391 406
13 679 698
11 934 946
12 731 751
20 968 994
17 197 220
10 363 380
17 73 99
11 244 262
15 171 190
17 202 222
14 232 251
20 81 106
11 285 298
15 991 1010
14 981 1003
15 791 811
18 661 687
12 369 387
11 131 144
20 38 59
18 298 324
17 112 138
17 899 925
19 427 455
14 837 855
11 250 265
17 795 815
20 757 781
13 803 824
13 17 38
11 941 953
10 95 110
20 50 79
10 415 430
17 525 544
11 825 844
18 52 78
19 671 691
20 197 226
14 309 332
20 400 426
16 115 139
14 829 845
20 790 817
16 557 577
16 660 685
16 804 827
19 452 479
13 361 376
17 928 953
12 359 380
10 174 188
20 690 719
19 400 423
20 828 849
13 828 845
10 115 131
14 396 412
18 572 594
11 227 244
17 172 195
12 500 514
10 146 161
18 587 614
12 526 541
14 361 383
19 650 677
18 983 1010
10 897 909
16 695 719
12 747 764
18 228 251
12 953 968
18 652 677
18 72 91
19 238 266
19 331 352
16 935 953
11 250 268
