300
375 543 2212
1998 141 3405
1055 1459 4346
2162 1080 4707
1779 643 5389
649 2160 3801
3000 2609 6191
2485 585 4912
323 2105 2676
1658 2717 4649
460 1583 4419
2969 2519 8399
2148 2204 6691
2975 337 5893
2530 339 4948
2012 670 2937
960 1897 5135
2840 2786 6234
2117 1865 5551
593 2548 5288
2157 500 4210
1285 2702 4530
2191 491 5425
761 216 2207
1327 1866 3862
330 2244 3999
2807 1459 5457
333 757 1867
1236 1471 5139
417 2344 4180
1438 1438 4675
311 742 2076
86 507 1921
694 1779 3821
2581 2110 7422
1861 2246 7075
1138 2548 5161
1638 265 2984
2323 859 4444
2348 2624 6226
84 1560 2529
758 1549 4881
2977 1516 6204
708 513 1469
597 2518 5927
1793 2143 6528
2865 2851 6610
1495 995 4126
382 1622 4859
2603 2291 6633
1687 26 3395
593 716 3613
57 2639 4583
2445 752 3265
1349 583 2376
2402 1419 4960
201 1000 3231
2893 2628 8472
1567 2681 5105
1325 801 4795
1378 1511 5581
1032 790 4778
2523 2317 7493
594 2172 4734
2229 1754 6485
838 1560 4816
282 1766 4193
2212 2743 6653
104 1031 2889
330 340 728
477 2879 5203
822 449 4124
453 2973 4340
1625 906 4704
1877 191 3215
2879 486 5765
824 43 1365
1689 2555 6363
405 2569 5281
245 1758 2556
427 1066 1731
307 536 3605
1045 1397 3765
1856 1423 3982
638 1981 4682
1276 2848 4369
1020 763 2655
2722 1262 5922
694 2351 4278
1038 2510 4246
1324 2952 6058
1472 2865 5392
1559 2157 4755
2586 1020 5040
2298 2683 5132
2056 2163 7055
968 490 1749
1143 1949 3715
890 1153 2258
927 285 1799
436 274 3024
1959 1895 4857
798 2564 3732
2552 510 4199
1540 192 2597
805 636 3897
2617 525 5102
287 396 3004
997 2435 3986
1820 2618 5757
998 417 1673
2422 2448 6443
46 1458 3768
714 1640 3680
186 2029 4203
2851 1486 4627
1172 1332 3373
694 980 3634
2306 688 5954
47 2472 4239
557 1862 4353
637 2707 5074
229 640 1493
160 2346 2779
1746 649 3765
2548 2792 6202
1704 2487 6738
346 2533 3283
2696 2016 5032
1823 1345 5665
2779 2209 7970
1383 2734 5315
2683 1718 7135
558 327 1556
2944 239 4092
1013 1101 4481
2787 2832 7893
1701 2139 6131
2670 380 3991
774 264 1966
2484 2852 5584
965 1673 5069
2172 1932 6157
1471 2364 5597
2614 2417 7520
714 1508 3739
2436 237 4794
711 2194 4270
916 1517 3107
631 1897 3483
1879 1447 5244
375 1156 3480
449 2520 4069
2465 291 5753
1939 1299 4744
2349 1275 4651
2232 2091 4423
1142 2314 5853
917 2138 3289
2088 2417 7011
502 1247 4601
2805 2970 7181
1408 2380 6277
2837 2346 5452
1831 104 3232
1521 1508 4986
1592 1899 4413
2747 2552 6381
82 6 2909
577 1124 2558
1381 247 3199
2544 582 5733
1337 2392 5615
1033 894 3466
165 1454 3494
2823 1677 4522
205 2560 5476
1626 2864 7457
721 2292 5511
1951 1590 5811
195 1702 2089
1119 785 4747
1257 877 4933
1655 248 4068
2654 294 3381
1066 912 3774
232 890 2364
1205 1873 6030
2280 2285 6687
2817 2264 6090
403 1453 3536
1882 378 3782
410 1635 2867
2407 2043 6851
485 689 4032
534 2040 3430
106 1768 4002
1630 2382 5487
2105 1874 5932
812 1284 2219
2683 1793 6329
45 2191 2767
870 1986 3225
1095 2775 6108
1756 1658 3649
843 432 3853
1252 477 3324
1233 2380 4109
844 1234 4192
2151 108 2592
27 2482 3116
2689 1247 5774
1418 2453 6352
1507 2827 6566
1032 388 2088
1488 390 3464
2507 1780 7006
106 102 2668
73 263 3142
9 2339 5341
1655 1806 4402
790 295 1704
1569 675 3771
1595 2955 4653
1499 2107 5283
2014 1827 6712
245 963 3964
1282 2325 6252
1122 2581 5281
2238 725 3493
168 397 2640
2871 1256 6135
1757 1729 3551
1616 2245 4418
1528 399 4189
2013 2234 6350
453 756 3125
1935 406 4870
246 981 1341
1833 1616 4110
2829 2108 6396
665 1185 4461
1128 531 4250
2407 67 5289
2906 2473 7367
2281 221 2653
1741 670 5132
2397 1467 5288
1066 578 2927
2601 761 3458
58 738 1548
137 2744 2985
1120 945 2101
830 1846 5453
1851 1237 5757
2085 1852 6727
1582 38 3542
2405 2163 6089
1320 2163 5801
2511 130 5280
2854 165 3873
1382 1991 4135
1015 2700 6255
1870 2637 6097
494 2472 3146
2714 1704 5761
2607 1405 4696
1269 1001 3441
1886 2186 4117
1025 1326 4833
398 2392 4965
611 2331 3107
1935 572 3269
2955 1623 7145
212 1963 2743
497 2679 4403
1289 250 3943
988 2380 6005
2431 1735 4631
17 162 1125
1448 848 4730
631 1273 4477
60 2270 3666
1695 1038 4722
1616 265 4354
2745 2544 7935
1839 1942 3885
1687 777 4182
681 709 3910
2065 2684 6500
1362 2486 5976
695 2463 4226
2367 2417 6673
1034 402 3945
2884 2351 6409
45 2336 4013
481 1959 3059
1564 2837 6430
1034 866 4562
1021 277 3725
