200
10 0 14
1 1 3
6 0 7
4 0 5
7 1 11
6 2 10
4 3 8
5 3 12
3 4 8
8 2 11
4 3 8
7 3 12
10 4 17
5 3 12
9 3 13
10 5 16
4 6 13
1 6 10
7 6 16
3 5 10
6 5 13
5 7 13
3 5 10
7 7 15
6 7 16
9 6 19
4 6 14
2 9 15
3 8 14
5 9 18
2 8 12
5 9 16
3 10 14
4 10 16
3 10 16
2 8 13
10 9 21
4 9 16
9 11 22
3 11 17
4 11 19
9 11 22
10 12 25
3 12 19
9 11 24
8 12 24
10 11 25
1 13 16
9 13 25
7 13 22
4 14 20
2 13 16
9 14 26
5 14 21
9 15 27
8 14 24
7 15 23
5 15 22
10 14 28
8 16 26
4 16 24
2 15 19
8 17 27
5 17 26
1 18 20
2 17 20
10 17 30
7 18 29
7 18 26
5 18 25
10 17 30
7 18 26
8 18 30
7 19 27
2 19 25
10 20 32
1 20 25
1 19 21
2 21 27
10 20 31
2 21 25
1 22 24
2 21 25
5 21 29
5 23 31
6 21 29
9 23 34
6 23 31
10 22 33
5 22 30
3 22 29
10 25 36
1 25 28
1 23 28
9 24 35
2 25 28
5 26 33
3 24 31
3 24 30
3 27 34
4 26 34
7 27 38
7 26 37
7 26 36
2 26 29
7 26 35
8 27 37
10 26 37
2 27 31
6 28 37
2 29 35
2 29 34
1 29 31
5 30 39
6 30 39
2 30 33
10 30 42
8 30 39
3 29 33
1 32 37
2 31 35
3 31 36
2 32 38
3 32 39
9 31 43
1 33 38
1 32 36
8 32 41
7 32 42
9 32 43
7 34 43
8 34 45
8 33 42
2 35 40
1 35 39
9 34 47
4 35 43
6 36 44
7 36 45
10 36 48
6 35 43
2 37 40
6 37 46
2 37 40
8 38 47
1 38 42
1 37 40
10 39 52
7 38 49
1 37 40
6 38 48
2 40 44
4 38 44
2 39 44
6 38 45
9 41 53
2 40 44
8 39 48
9 39 52
3 39 43
2 41 44
3 42 48
7 42 53
3 42 49
2 42 45
2 42 48
4 43 49
8 42 52
4 43 49
7 43 53
4 43 50
2 43 47
3 45 51
3 44 50
9 43 55
8 44 55
8 45 56
1 44 48
4 46 53
7 46 55
7 46 54
4 46 53
1 46 48
6 47 56
1 47 49
5 48 56
3 47 51
7 47 55
6 49 59
9 48 60
7 49 58
8 47 58
2 49 52
8 49 61
7 50 60
4 50 57
1 50 53
1 49 54
5 49 57
10 50 62
