300
1 6 10
1 7 14
19 32 72
38 18 57
13 20 41
12 30 61
37 26 76
28 4 51
25 25 63
18 19 40
11 25 36
47 23 89
34 19 71
44 30 92
3 5 18
20 7 34
47 30 89
18 14 51
49 31 96
44 25 74
39 19 64
20 16 36
42 19 77
14 31 63
25 12 47
40 13 75
12 15 29
12 27 49
48 10 69
28 16 45
31 28 66
41 15 65
10 11 23
63 22 101
39 9 63
61 16 88
23 9 50
26 10 54
38 5 61
7 25 43
46 10 67
53 19 82
41 5 55
43 32 86
65 29 96
27 12 50
53 14 86
59 4 68
24 8 49
67 6 89
19 31 68
17 21 58
60 22 98
20 17 43
63 27 107
64 14 81
70 7 96
29 14 64
57 4 65
58 24 103
13 1 22
46 9 64
62 3 66
72 3 76
30 29 79
60 6 73
63 22 94
27 28 57
59 3 68
86 26 115
43 15 65
85 21 121
58 14 88
34 29 76
60 8 77
75 32 107
48 9 64
65 27 97
93 5 116
34 11 63
17 2 31
66 15 101
53 5 62
96 12 110
53 21 80
52 22 93
44 10 66
86 9 104
72 8 87
38 23 80
30 21 58
82 2 99
29 11 54
72 1 93
92 13 107
82 14 104
80 27 117
33 5 48
74 16 108
84 21 112
76 6 82
74 12 107
94 23 139
102 32 145
47 16 67
86 8 95
60 32 107
57 14 81
25 4 40
57 29 97
88 17 119
42 6 58
99 1 107
27 4 52
81 16 109
69 5 76
80 14 106
73 6 99
42 11 69
114 32 158
61 27 100
124 2 127
66 23 98
121 22 151
126 3 142
35 7 43
46 31 83
61 13 90
92 23 124
95 17 112
128 24 161
26 18 54
46 22 69
81 1 95
101 28 148
79 5 99
94 20 115
43 8 60
42 15 59
90 28 124
104 12 118
128 30 166
55 20 96
48 25 76
72 15 91
41 15 73
101 1 120
102 27 134
36 25 61
130 10 149
30 17 50
87 3 105
145 9 163
123 20 152
119 17 157
58 8 68
111 13 138
104 25 149
69 24 98
131 17 169
61 2 83
85 25 121
143 11 162
60 2 80
56 15 92
76 20 108
47 25 73
155 26 195
117 9 127
154 9 178
35 4 51
52 21 84
37 5 49
42 30 79
83 28 133
60 24 92
41 4 58
67 30 109
44 20 74
65 26 96
113 23 147
83 7 107
41 28 70
123 13 157
121 30 169
38 19 64
50 20 76
108 13 133
58 5 82
68 7 90
142 7 169
151 9 179
120 13 142
172 32 204
140 15 172
65 14 97
165 27 209
67 17 95
63 16 83
177 32 210
55 17 87
82 30 114
130 26 161
100 12 117
80 25 127
184 22 219
165 2 175
106 21 139
99 10 131
121 15 151
141 26 185
98 20 124
153 17 188
49 11 79
183 20 212
191 18 209
86 29 137
105 1 116
98 13 131
92 15 126
106 15 121
120 15 135
171 11 195
191 1 200
151 19 173
101 20 132
121 32 155
117 11 131
123 8 144
91 26 131
191 2 200
171 13 192
111 7 123
107 23 144
108 26 139
167 14 187
71 28 108
123 5 146
136 8 151
87 22 124
85 24 126
62 27 108
54 5 62
77 27 117
200 6 210
85 3 89
74 5 81
55 15 87
61 7 82
54 24 83
158 26 206
105 25 151
188 11 216
83 11 113
103 19 129
135 11 152
54 24 100
66 26 114
115 24 139
168 20 206
119 4 141
123 19 154
73 30 123
142 28 192
54 9 84
226 2 240
76 30 128
156 30 198
68 14 100
161 22 190
140 16 161
118 10 141
89 12 110
181 2 203
118 18 136
100 10 122
157 24 184
83 13 100
207 11 222
191 27 221
226 30 260
190 14 209
145 3 154
128 7 152
176 9 205
133 15 149
142 19 175
204 3 222
187 32 227
133 15 151
152 19 174
62 9 89
171 4 178
171 4 186
91 8 117
102 4 121
137 5 163
166 1 167
60 32 110
155 4 164
