150
8 2 13
2 1 9
8 1 12
8 2 18
3 2 13
4 0 11
4 4 16
7 3 13
1 2 13
4 6 16
6 3 11
1 1 6
3 5 14
5 3 17
5 8 14
8 5 20
2 3 10
4 5 13
7 1 13
5 7 14
6 6 15
4 3 11
6 6 22
1 0 10
6 9 20
4 9 16
5 1 12
6 3 18
3 5 14
6 3 18
2 7 9
2 4 15
7 6 13
7 8 16
8 13 30
4 4 18
2 8 13
8 4 14
6 7 20
6 14 29
3 6 14
7 7 14
4 11 20
7 8 15
6 7 16
1 10 16
3 11 14
6 16 28
3 12 18
7 9 26
6 8 21
1 14 20
3 15 27
8 9 22
3 16 28
5 15 25
8 9 26
4 18 32
4 11 24
2 12 19
3 14 19
5 13 26
2 15 18
3 12 16
1 20 26
8 18 36
1 20 28
4 13 24
8 13 30
6 17 32
8 18 34
4 15 19
7 17 25
6 15 31
4 15 26
5 21 26
1 17 22
3 22 30
5 15 23
6 16 30
2 21 31
8 18 32
1 23 29
5 17 32
8 21 30
4 18 26
2 26 35
2 23 30
6 22 33
5 26 39
1 24 35
6 17 25
3 23 28
6 25 41
6 23 36
6 23 39
7 26 33
3 26 31
7 23 40
5 19 34
5 26 36
4 20 28
7 26 43
2 30 37
1 26 28
7 27 40
1 27 33
4 31 36
3 29 32
2 26 35
3 30 43
5 24 35
1 30 33
2 26 36
3 28 35
5 27 37
7 25 42
6 32 41
3 32 39
3 34 46
1 27 33
6 34 48
4 32 37
1 25 34
3 31 42
4 35 44
3 34 43
2 27 39
6 28 40
4 28 41
3 28 33
8 29 47
6 31 46
5 29 38
8 38 52
5 36 45
8 31 48
5 36 50
3 38 42
5 38 45
6 33 43
3 32 44
3 33 36
4 34 40
1 32 35
6 39 54
7 36 52
7 40 52
8 36 48
4 32 42
