200
19 7 27
14 23 38
7 30 45
16 4 25
6 20 31
15 28 45
12 18 34
15 28 49
19 39 63
7 35 46
9 29 45
6 20 35
14 3 20
10 19 30
2 8 16
4 0 9
4 11 16
7 32 40
5 20 29
4 21 31
12 11 32
3 18 23
17 5 22
10 25 43
8 9 24
13 32 49
5 34 41
2 18 27
13 4 25
16 24 49
1 38 46
11 26 39
18 34 58
3 16 27
11 12 24
2 3 6
16 21 38
17 15 33
1 5 10
8 14 22
4 26 38
13 35 57
4 29 42
1 6 14
18 38 64
11 35 49
19 19 45
15 11 26
4 15 26
12 21 40
1 25 30
8 39 53
2 29 33
11 5 20
9 22 39
17 17 37
1 8 16
16 23 45
7 3 18
10 34 46
18 23 43
16 33 58
16 18 43
13 13 31
17 12 31
2 32 39
18 23 47
8 31 47
19 34 62
16 11 31
8 39 54
15 6 23
16 24 40
13 16 29
14 27 42
16 1 17
16 20 44
16 8 32
6 11 19
7 39 50
18 29 56
11 11 25
7 27 42
17 17 42
18 19 44
4 7 11
11 34 50
11 36 54
1 36 41
14 31 45
6 3 10
15 13 37
9 27 45
18 27 51
13 11 28
14 7 28
10 16 35
14 24 40
13 26 39
18 22 42
3 24 34
14 37 52
7 21 29
11 12 30
1 14 19
3 17 28
9 18 36
1 9 11
9 22 38
12 3 15
19 16 37
7 28 41
10 36 49
14 31 45
2 24 31
17 34 51
12 33 46
4 33 46
12 38 54
7 35 48
6 0 15
3 0 7
2 32 42
18 38 64
11 22 33
2 5 9
19 35 60
3 16 25
19 6 27
18 20 47
3 11 20
16 10 27
10 25 36
19 32 53
11 1 21
2 39 46
9 12 22
1 2 8
2 30 40
18 30 54
19 2 21
5 34 40
1 20 27
11 31 46
16 34 58
3 9 21
7 24 37
13 23 43
7 22 35
14 17 33
6 10 23
4 7 17
14 3 18
10 9 23
8 6 22
10 17 35
1 10 15
1 34 38
1 24 25
15 12 36
7 31 39
16 16 36
8 22 38
9 22 37
1 30 37
6 20 35
1 27 28
17 25 48
17 32 55
1 10 18
18 23 49
15 37 54
8 5 22
16 30 46
8 32 43
6 10 19
15 36 56
15 6 29
14 9 30
17 5 23
5 36 46
18 39 59
4 27 40
13 9 27
11 10 30
5 33 42
6 6 14
18 22 45
13 11 24
7 11 19
12 4 21
1 38 42
6 21 32
10 20 32
5 35 49
17 5 30
15 8 32
5 13 24
5 15 27
13 26 40
