100
30 4 54
39 6 101
37 34 127
47 27 154
49 28 101
41 33 151
48 29 128
42 31 124
47 74 180
47 68 152
31 67 154
50 65 148
46 99 181
43 104 232
126 99 355
50 108 238
35 106 166
59 161 325
55 161 325
33 221 278
96 217 379
126 212 594
54 222 351
43 292 411
54 300 451
92 293 460
54 300 413
55 300 399
43 301 381
47 353 424
51 355 501
43 353 461
32 409 467
46 405 495
32 437 527
31 438 509
49 440 565
59 438 526
50 436 568
84 472 690
50 474 577
94 531 726
94 527 679
33 534 621
38 600 712
37 594 697
33 638 737
30 635 719
34 640 726
43 642 724
31 669 752
30 675 738
94 673 866
54 669 771
57 738 898
32 733 787
52 736 857
31 729 826
88 736 882
47 731 874
48 798 888
37 789 895
48 789 921
40 796 892
94 830 1016
43 824 957
50 834 963
51 830 945
88 873 1082
32 868 954
43 874 944
30 875 955
36 872 961
51 871 983
41 910 981
32 903 958
56 907 1021
56 905 1021
147 904 1227
48 972 1062
44 974 1085
51 973 1088
35 975 1076
48 976 1043
43 973 1061
49 1025 1142
49 1024 1113
35 1073 1147
39 1078 1143
41 1076 1195
36 1110 1206
52 1114 1248
31 1119 1159
45 1113 1243
59 1111 1248
48 1119 1233
36 1166 1268
42 1164 1273
45 1168 1276
37 1166 1264
