400
6 0 8
6 2 18
5 5 18
6 0 8
1 5 13
2 5 14
8 0 15
1 5 13
6 2 18
3 2 10
8 5 22
2 7 19
3 5 13
3 5 10
1 3 8
3 6 17
4 2 8
3 0 3
2 7 11
7 9 19
2 10 20
3 3 10
1 5 14
4 8 20
5 4 9
8 1 10
7 3 10
1 4 11
2 11 22
6 6 15
6 10 16
1 10 17
2 8 17
8 4 18
3 7 11
6 13 24
7 7 15
8 7 21
3 8 17
4 7 11
1 15 24
3 11 18
8 9 19
5 11 26
6 6 21
6 13 19
5 10 19
8 15 33
3 7 16
1 11 12
3 12 15
4 17 31
3 14 27
3 13 18
7 17 28
7 11 24
4 10 15
6 15 22
6 10 26
8 10 24
1 20 22
4 10 15
2 13 18
7 15 25
5 18 32
2 11 23
5 13 18
5 13 18
5 18 23
4 16 26
6 16 22
4 21 29
6 18 26
6 23 29
1 17 21
1 17 22
6 18 33
4 22 26
6 24 35
1 17 21
4 18 30
4 25 38
6 23 29
1 21 31
1 24 27
1 22 26
2 23 34
1 21 22
6 21 32
8 22 32
3 26 39
6 19 28
8 23 41
5 22 37
1 26 30
4 28 42
7 27 43
3 24 37
3 25 33
2 20 25
3 22 33
6 21 34
1 20 27
2 27 36
2 21 27
4 22 36
6 23 37
1 28 38
5 22 37
7 29 40
4 25 37
5 30 35
3 29 37
1 25 32
3 29 34
5 30 36
1 34 42
6 33 43
1 31 42
3 28 39
7 30 40
4 30 34
1 28 39
6 29 43
5 34 47
1 30 40
8 29 40
3 26 30
6 29 40
3 27 39
3 35 45
2 36 42
3 38 48
7 33 50
8 38 56
8 36 54
5 30 41
7 32 43
3 31 40
5 36 51
5 39 50
3 38 41
1 31 35
6 35 46
8 39 53
3 36 44
5 36 50
7 37 52
5 38 47
4 36 47
6 39 49
3 37 48
1 34 44
7 33 43
7 43 59
4 43 56
6 35 43
4 35 47
7 40 56
2 40 49
3 44 50
8 45 59
6 45 58
3 38 41
1 46 52
3 40 43
2 42 54
7 46 58
4 41 54
5 40 55
4 41 48
2 38 47
3 38 45
2 46 50
6 38 50
5 38 43
1 46 54
5 42 53
8 46 58
4 43 51
3 50 56
8 48 63
1 46 53
8 44 62
2 47 54
7 47 63
5 47 57
3 50 55
7 43 59
6 43 54
2 50 56
5 49 57
8 50 64
1 46 55
2 53 63
8 46 57
6 52 62
4 44 57
4 50 61
5 47 62
2 49 53
8 51 67
2 54 61
8 51 60
8 52 67
3 56 61
8 49 66
6 48 60
1 53 57
3 54 58
2 49 53
1 49 55
8 48 57
3 48 60
8 56 64
3 48 58
1 58 60
1 51 55
2 54 62
5 57 68
7 51 60
1 52 61
8 60 72
3 51 57
3 56 66
8 56 74
2 54 61
5 52 64
4 60 70
7 61 73
8 56 72
6 56 64
8 59 71
1 58 65
5 55 61
3 61 68
4 57 71
4 60 71
1 59 70
3 62 67
4 56 70
1 63 72
1 59 64
1 56 57
5 58 68
6 63 71
1 60 66
7 58 75
6 64 78
1 66 67
8 59 68
7 58 70
5 63 74
6 59 69
5 59 74
1 61 67
6 69 78
5 59 69
3 59 62
8 66 75
5 61 66
1 66 70
5 67 80
7 66 76
1 63 65
5 65 74
1 61 63
2 65 76
1 69 72
2 66 69
5 69 77
3 65 73
1 68 78
3 66 75
2 63 68
8 68 84
8 65 73
5 65 79
3 70 77
8 66 75
8 74 90
6 67 73
8 68 79
2 71 82
7 69 78
2 73 83
7 76 83
6 72 80
5 70 79
8 67 84
2 67 78
5 73 83
2 76 85
4 73 83
5 69 78
1 73 79
5 69 82
8 78 96
6 74 85
2 79 83
4 78 83
3 72 79
7 73 89
8 78 92
3 71 77
3 78 84
5 81 88
6 72 78
8 79 96
2 78 80
2 75 82
1 72 81
1 74 78
5 80 90
3 79 88
8 76 91
3 84 96
1 76 85
4 81 93
6 74 88
7 84 96
8 77 87
5 81 94
8 77 90
7 80 97
2 84 89
7 84 96
8 85 97
2 79 81
8 81 93
6 86 99
2 86 96
5 82 95
2 81 86
7 81 93
4 87 100
2 86 89
6 80 87
2 80 86
6 85 98
7 88 96
6 88 98
6 89 97
8 83 95
7 88 99
2 86 89
6 81 88
3 88 95
2 89 101
6 83 95
4 84 93
7 86 99
4 83 89
4 85 95
8 91 104
2 88 91
8 88 104
1 88 90
8 89 97
5 90 99
8 93 104
3 92 97
4 95 100
1 95 103
5 95 103
8 86 97
4 95 101
8 90 100
2 90 102
1 90 93
5 97 108
2 97 105
3 98 107
5 88 99
1 88 92
2 93 98
3 92 96
2 90 97
4 91 97
8 94 110
7 99 110
5 93 104
2 97 105
7 93 102
5 93 101
8 98 114
6 100 110
2 94 101
7 102 115
6 98 106
5 99 104
2 101 108
1 101 104
7 102 109
8 101 112
5 96 111
4 98 105
3 95 104
4 99 103
3 97 107
