450
1 2 5
9 1 13
7 2 10
6 2 9
9 3 14
3 3 8
4 2 9
10 2 16
8 2 11
2 4 9
5 4 12
8 3 15
5 4 12
6 5 13
9 4 15
6 3 13
4 4 9
2 5 9
6 6 14
5 4 13
7 6 16
10 5 18
3 7 11
5 7 14
10 7 19
10 7 19
9 8 21
7 8 16
8 8 20
4 8 15
8 8 18
6 9 16
6 10 17
10 9 20
2 9 13
7 8 18
4 11 16
7 10 20
6 11 18
2 11 16
6 10 19
4 11 17
5 12 18
4 11 16
4 12 18
7 12 20
8 11 22
6 12 22
6 12 20
8 13 24
7 13 24
4 14 19
3 15 21
8 14 24
8 14 23
6 14 23
2 15 19
4 16 22
1 14 18
2 17 22
1 16 20
6 15 24
3 17 22
10 16 28
2 16 19
4 18 26
8 17 26
3 17 23
2 18 21
7 18 27
9 19 32
6 19 27
6 19 26
5 19 27
7 20 30
2 19 23
9 20 30
8 21 33
9 21 32
5 20 29
5 21 27
10 21 34
7 21 32
1 21 26
8 22 34
3 22 26
6 22 31
10 24 35
6 22 31
3 24 28
5 24 30
7 23 34
5 24 30
7 25 36
1 23 26
6 23 33
5 25 31
6 25 33
3 26 31
2 27 32
6 26 33
2 26 31
7 27 38
2 26 32
3 26 31
2 27 30
8 27 36
5 28 36
8 28 39
2 28 32
7 28 39
10 29 42
7 28 39
3 30 35
6 29 39
9 29 41
1 30 32
5 30 39
1 31 34
7 29 38
4 30 35
1 32 34
6 32 42
1 31 33
10 31 43
8 33 42
5 33 41
2 32 37
7 32 42
3 33 37
4 33 41
9 34 44
9 35 45
6 33 41
3 34 38
3 34 41
8 34 43
6 34 42
6 35 42
5 35 42
1 36 40
4 37 43
9 36 48
10 36 48
8 37 49
10 38 51
5 38 47
8 39 51
4 37 43
4 37 43
9 39 52
6 39 48
5 38 45
4 38 46
4 40 47
5 40 46
3 40 46
3 40 45
5 40 46
7 40 49
9 40 52
9 41 52
7 41 51
7 41 49
3 42 47
9 42 53
4 42 50
3 42 48
1 43 45
3 44 48
6 44 52
8 44 53
1 45 47
5 43 50
4 45 50
9 45 56
2 44 48
9 45 58
4 45 51
9 46 56
2 45 49
1 47 51
3 45 50
9 48 59
7 47 57
8 47 58
4 46 52
3 46 52
6 47 57
6 48 58
5 48 56
6 49 59
10 48 59
3 50 54
10 50 61
4 50 56
8 49 60
2 49 53
8 49 60
9 51 62
3 52 58
4 51 57
7 51 59
7 51 59
5 52 60
7 52 61
5 51 58
1 52 56
9 52 64
1 54 59
6 53 62
5 54 63
3 53 59
10 53 65
9 53 63
1 55 57
1 56 60
10 55 68
3 55 60
7 56 67
6 55 65
10 57 70
10 55 66
8 56 67
10 58 72
4 58 63
7 58 69
7 57 68
2 57 61
5 57 66
3 58 65
5 59 65
8 60 69
2 59 62
5 59 65
2 59 65
1 60 65
5 61 69
7 61 69
5 61 69
6 61 69
7 61 72
1 62 64
10 61 72
7 61 69
9 63 76
4 61 66
5 64 70
1 64 68
8 63 74
7 64 73
4 64 71
8 64 75
8 65 76
7 63 73
4 65 70
2 66 69
6 66 73
2 65 69
10 65 76
6 65 74
8 65 77
8 66 78
10 68 81
7 66 75
1 67 69
8 66 76
6 67 76
6 67 77
6 68 75
8 68 80
8 68 77
1 69 74
4 69 76
1 70 74
8 70 81
2 70 73
8 69 80
6 71 80
10 69 80
1 71 75
6 72 81
9 72 82
3 71 76
5 73 81
1 72 74
1 71 76
8 72 83
10 72 83
7 73 82
1 73 78
5 74 81
8 73 82
6 74 82
9 74 86
4 75 82
3 74 81
8 74 86
4 75 82
5 75 81
7 77 87
4 76 84
6 77 84
5 76 83
5 76 85
8 76 88
9 78 91
4 78 84
10 78 90
5 79 86
7 78 88
1 79 84
9 79 89
7 78 89
7 80 89
6 80 88
2 79 84
2 81 85
1 81 85
10 81 92
5 80 88
5 81 88
8 81 92
1 82 85
9 83 93
10 83 97
2 82 86
9 83 95
8 84 96
4 82 87
9 82 94
6 83 93
10 84 96
6 85 94
6 85 93
3 85 89
4 86 94
8 86 97
8 85 97
2 85 88
1 86 88
5 85 93
6 86 96
2 86 91
3 88 94
8 88 99
10 86 98
8 88 98
1 88 91
10 87 99
4 87 93
3 88 93
4 89 94
3 88 95
9 89 99
2 90 95
7 89 100
1 91 93
1 91 95
6 91 99
5 92 100
5 92 99
6 92 101
1 91 95
7 93 102
1 93 95
3 93 97
5 93 100
8 93 104
7 94 103
1 94 98
5 94 103
10 93 104
1 93 98
9 95 106
4 93 101
4 94 102
4 95 101
4 94 102
10 96 109
1 97 102
2 95 100
2 95 99
2 96 102
4 97 104
9 96 109
5 98 106
2 99 104
9 97 107
1 98 103
4 98 105
5 98 104
7 100 109
4 98 106
4 100 108
8 99 111
1 100 102
2 101 107
2 101 106
9 101 112
10 100 114
5 101 110
9 101 114
10 101 113
8 103 113
3 103 109
2 102 108
6 101 110
7 103 113
1 104 109
4 104 110
1 102 105
3 104 109
10 103 117
10 105 119
6 104 111
8 105 114
8 106 115
4 106 114
7 105 115
10 107 119
9 106 116
4 107 113
3 107 111
6 107 114
8 107 118
1 108 112
3 107 113
9 108 119
10 109 123
6 109 116
7 108 118
10 109 123
7 108 117
5 109 116
7 110 118
8 109 118
5 111 117
5 111 119
3 109 113
8 112 123
3 112 119
8 112 123
5 110 118
8 111 123
6 113 121
9 112 125
10 112 125
5 113 119
1 112 114
