300
172 11 195 
232 26 259 
187 25 213 
97 11 123 
172 16 195 
31 14 56 
70 6 92 
248 21 272 
256 18 286 
282 21 309 
297 19 320 
4 20 35 
64 14 80 
132 1 135 
188 21 218 
130 28 171 
212 14 235 
207 15 224 
98 20 125 
262 25 301 
96 23 122 
258 10 284 
102 7 113 
175 20 197 
63 22 99 
51 15 79 
85 13 112 
71 12 87 
37 8 53 
3 22 38 
159 14 179 
209 16 238 
225 16 241 
18 19 53 
179 21 212 
54 14 69 
104 21 137 
237 18 260 
88 17 112 
223 20 247 
54 28 97 
61 21 87 
102 15 131 
265 20 293 
198 7 221 
36 23 59 
108 21 138 
146 22 174 
96 15 111 
290 7 307 
79 23 118 
105 22 143 
132 18 166 
195 11 222 
254 24 288 
144 15 171 
256 7 269 
83 17 100 
105 16 129 
276 16 306 
238 5 244 
268 14 294 
26 23 61 
52 5 66 
124 13 147 
128 19 149 
34 24 60 
115 17 133 
23 18 41 
176 19 208 
257 9 269 
230 26 271 
42 22 71 
293 24 330 
169 19 190 
3 19 26 
163 27 193 
197 15 224 
224 21 255 
193 13 215 
52 10 72 
117 9 129 
138 16 168 
37 16 57 
290 23 326 
93 17 115 
81 17 98 
216 26 243 
61 11 73 
140 28 176 
80 15 101 
25 19 59 
161 21 188 
23 14 48 
112 6 133 
196 13 220 
238 25 267 
8 8 25 
13 10 26 
43 17 65 
295 21 322 
22 9 38 
292 12 319 
267 19 290 
49 11 61 
257 23 280 
74 22 112 
221 16 247 
217 19 243 
263 16 294 
169 10 192 
231 19 265 
23 14 39 
195 7 211 
106 15 137 
223 6 234 
16 16 43 
210 18 233 
87 13 113 
248 20 271 
247 16 264 
292 19 323 
165 18 190 
143 18 166 
266 15 291 
220 13 245 
172 18 203 
81 18 100 
107 21 136 
220 20 254 
79 28 122 
263 15 284 
283 16 314 
59 23 85 
164 15 182 
224 24 254 
11 21 36 
192 26 219 
6 30 40 
142 13 165 
256 15 274 
159 19 194 
261 13 286 
236 15 260 
34 19 66 
250 14 264 
116 14 144 
231 12 250 
105 11 122 
112 14 136 
258 13 271 
168 18 193 
43 14 66 
47 25 83 
198 22 225 
213 21 234 
60 1 62 
207 7 218 
30 22 59 
220 19 250 
56 20 92 
283 23 322 
174 21 201 
28 13 45 
88 8 97 
77 17 94 
48 22 86 
15 20 46 
89 7 110 
38 18 64 
127 14 150 
122 18 149 
234 13 254 
115 17 137 
172 12 185 
260 11 280 
203 16 235 
243 14 271 
103 9 120 
65 22 98 
263 23 299 
65 16 86 
114 19 140 
136 21 159 
35 30 81 
262 21 297 
28 16 46 
86 25 125 
181 19 200 
225 27 254 
57 21 84 
151 15 170 
166 20 190 
276 9 287 
252 13 276 
125 25 166 
227 23 253 
266 20 301 
3 17 33 
30 14 49 
243 22 275 
176 17 193 
276 14 298 
221 10 235 
236 6 258 
77 17 104 
267 8 282 
171 8 188 
71 23 107 
108 11 123 
270 17 288 
233 15 263 
257 22 292 
25 16 54 
209 22 247 
180 14 209 
140 11 158 
31 15 57 
74 14 103 
14 13 34 
17 18 40 
108 26 137 
27 13 44 
272 18 303 
245 20 268 
200 16 228 
50 13 72 
63 12 84 
237 33 273 
145 15 168 
163 21 192 
251 19 282 
69 21 103 
29 22 64 
73 17 90 
26 15 44 
191 22 223 
189 16 221 
231 18 259 
99 22 121 
135 11 154 
17 18 47 
255 21 281 
31 20 52 
5 15 32 
248 18 270 
268 17 286 
92 16 113 
118 30 152 
91 10 101 
14 22 46 
128 22 164 
155 21 186 
87 10 111 
118 21 147 
176 24 208 
221 12 246 
238 21 275 
66 19 101 
83 17 107 
113 20 140 
47 12 60 
29 21 58 
49 16 75 
11 19 37 
89 19 121 
50 14 71 
219 15 235 
157 7 168 
173 9 195 
172 15 198 
213 9 228 
278 23 304 
167 1 184 
231 22 258 
76 10 99 
117 20 152 
59 9 83 
64 23 101 
241 18 273 
122 8 144 
68 17 99 
113 23 142 
235 19 264 
139 20 170 
42 17 75 
270 27 311 
97 16 120 
44 23 73 
233 19 261 
18 22 51 
13 14 40 
97 16 128 
61 19 82 
278 26 317 
21 13 48 
259 22 297 
186 18 210 
260 26 295 
267 8 280
