300
137 83 234
238 88 343
199 48 250
143 121 277
257 41 304
55 64 145
15 43 72
8 89 112
53 118 177
154 16 190
203 56 261
120 4 145
145 109 273
149 146 314
51 19 75
283 68 354
168 94 277
256 85 364
226 146 388
286 28 343
114 133 261
274 98 374
2 141 153
131 98 244
101 25 141
119 103 236
16 143 167
245 139 397
133 23 160
151 36 216
194 70 282
226 20 252
181 142 339
3 34 54
62 144 207
263 46 313
218 38 270
148 46 216
232 69 319
91 53 151
47 134 197
285 55 361
99 121 234
2 132 148
91 10 118
217 120 345
253 21 276
108 94 207
96 114 220
149 46 199
82 125 234
101 128 235
68 45 116
5 64 86
48 133 188
95 8 108
138 84 233
242 130 400
269 137 419
163 131 299
70 141 231
16 11 34
197 99 316
227 46 299
111 132 249
81 130 216
70 13 95
285 9 305
195 89 288
85 46 155
42 30 75
57 5 67
193 22 219
242 91 352
292 55 376
272 108 402
219 130 362
196 12 215
292 147 452
56 141 202
246 121 385
63 91 157
289 92 398
292 13 330
220 67 298
133 136 286
97 129 238
193 21 239
256 47 317
191 105 320
64 66 145
108 19 137
141 52 216
288 126 421
129 147 299
56 118 195
217 14 244
184 100 284
87 45 141
244 16 265
240 9 251
44 81 130
24 19 47
197 35 250
30 66 96
166 80 268
261 80 351
158 55 214
19 27 66
293 13 315
189 126 317
217 130 350
130 133 278
135 86 250
283 23 325
14 138 164
57 131 214
75 23 107
116 128 269
151 4 184
231 148 386
186 64 276
137 26 171
19 72 113
120 2 143
213 62 303
111 19 153
164 116 280
151 30 187
265 93 362
117 38 176
104 104 229
141 131 286
82 105 191
131 82 233
232 5 261
239 5 271
260 0 261
210 6 242
148 37 187
261 30 301
216 125 359
167 53 227
195 67 262
69 26 109
156 91 252
221 6 229
271 13 286
165 86 251
85 42 151
10 141 159
38 128 184
288 147 443
116 35 178
265 95 381
252 107 388
300 146 468
109 8 138
91 112 213
4 149 158
133 139 272
212 88 305
113 110 239
121 96 225
78 29 127
4 137 152
291 26 318
174 94 272
259 100 385
110 1 131
83 97 202
63 103 166
86 89 176
157 13 189
4 49 55
264 46 339
174 131 315
7 39 53
177 141 328
280 67 364
146 104 262
188 149 366
278 149 431
110 111 235
227 34 269
245 60 313
27 149 184
207 53 272
238 33 283
238 53 291
241 28 296
184 7 218
248 132 399
184 49 249
69 130 220
260 116 381
67 79 155
104 111 215
139 5 158
31 100 159
82 91 194
216 128 364
228 143 388
50 14 74
210 48 264
232 122 375
293 135 449
198 37 263
14 59 101
131 34 180
89 3 116
248 7 283
273 115 414
125 91 232
97 33 155
163 19 183
282 91 377
16 36 73
123 124 250
204 16 226
112 131 259
82 49 150
224 108 334
200 80 305
260 145 413
22 69 101
131 92 238
24 99 148
144 144 293
64 137 205
120 106 245
19 53 86
13 67 104
287 47 350
134 82 217
77 99 178
133 17 155
53 86 153
273 0 288
262 144 412
72 49 142
110 64 176
64 8 78
95 76 195
78 36 118
134 33 184
127 28 158
288 78 387
119 66 213
238 147 403
57 52 133
156 77 261
191 110 323
255 97 366
121 29 154
99 43 145
59 148 223
65 14 96
70 107 203
209 24 245
208 96 322
2 22 34
34 103 149
149 124 295
152 30 196
238 43 305
207 74 284
276 125 414
151 66 241
144 24 194
50 149 199
276 88 375
173 111 297
104 61 173
66 33 121
273 18 317
265 8 294
193 8 203
155 105 280
102 77 190
258 99 358
102 44 158
93 47 164
26 85 132
102 63 181
59 40 118
51 36 115
214 40 278
128 98 237
273 138 440
78 133 238
52 103 178
165 65 245
152 114 284
176 125 320
298 143 453
37 111 151
182 51 249
49 111 164
160 116 297
