250
6 179 194
11 482 500
7 115 128
14 259 279
13 281 296
12 351 371
9 57 72
3 272 283
4 377 385
11 268 288
8 153 162
19 72 93
3 33 41
20 24 54
16 421 438
13 87 106
5 129 135
20 312 337
17 288 314
6 304 319
12 198 214
15 314 332
18 339 357
13 390 403
6 142 155
14 375 389
11 137 154
16 338 362
15 346 362
17 328 351
10 223 233
11 317 334
3 232 245
17 251 269
11 34 53
16 418 438
6 460 468
5 139 150
10 457 471
20 156 183
14 358 379
19 102 131
18 214 240
14 153 175
12 171 185
12 468 487
12 313 326
2 16 26
13 14 35
1 405 412
4 184 190
18 397 420
1 386 394
17 416 434
2 298 308
10 133 153
4 69 77
14 477 493
12 254 273
7 295 303
13 394 417
10 407 423
9 413 426
1 493 495
4 70 82
11 377 398
3 438 448
5 355 369
3 492 498
8 429 441
6 382 390
13 92 114
19 230 255
3 15 24
20 103 125
10 199 217
18 397 418
4 282 296
14 344 364
7 230 247
11 105 120
17 55 78
16 268 294
19 393 422
19 346 365
2 289 293
20 80 109
8 275 290
1 290 299
9 203 217
19 266 286
20 67 89
11 11 28
14 160 176
16 174 198
16 186 209
11 91 110
19 260 282
6 1 14
4 234 240
19 7 34
6 137 148
18 391 416
15 85 100
2 151 162
3 182 187
2 361 367
13 112 128
16 168 192
13 124 142
4 103 112
12 425 443
20 387 407
17 419 442
6 411 422
10 114 132
10 214 233
19 203 232
4 78 87
11 478 496
5 57 64
3 230 237
12 144 161
19 133 159
19 309 330
18 488 507
7 493 506
15 148 171
12 133 147
9 194 204
8 237 251
18 0 19
2 396 408
16 243 259
13 173 195
10 104 115
18 16 38
20 378 402
15 180 204
4 317 322
8 263 281
20 173 203
4 118 130
17 274 292
10 205 216
6 471 486
8 330 346
1 493 497
13 81 95
5 268 275
12 232 253
12 448 464
17 390 414
10 49 61
9 75 85
12 75 92
3 215 222
11 194 215
12 4 21
16 230 247
8 489 502
6 288 302
17 142 169
10 239 257
16 126 146
16 24 42
11 368 385
1 372 373
2 439 445
3 108 117
11 430 451
9 199 218
7 420 428
8 388 397
1 254 260
2 438 449
14 373 389
7 114 121
8 185 194
9 254 269
20 475 502
7 345 355
20 305 335
3 375 385
19 336 355
5 106 115
5 373 387
5 334 340
12 390 407
2 261 266
6 351 358
6 51 62
2 124 126
8 385 398
18 313 337
4 373 385
2 201 207
11 249 268
12 116 131
2 175 182
12 471 493
17 39 56
11 243 261
14 107 131
1 12 18
12 357 370
19 413 432
5 110 125
20 467 493
10 468 480
4 446 455
5 214 223
2 135 145
6 346 356
5 305 319
4 42 56
13 206 223
18 8 32
20 115 142
20 227 248
16 21 39
11 186 198
8 34 47
6 465 480
9 270 282
1 351 362
11 481 492
9 393 408
6 337 352
14 198 216
9 228 240
20 452 481
11 63 84
18 419 440
1 27 29
19 368 396
18 160 187
4 96 104
10 5 20
14 258 273
13 260 277
11 398 419
16 375 399
20 105 134
3 221 228
5 249 264
15 471 489
1 399 409
14 94 112
1 279 289
