100
86 1647 1792
111 981 1097
36 1181 1261
70 1449 1534
95 1175 1304
75 1383 1550
2 409 411
25 1315 1347
25 366 397
107 550 709
75 763 874
48 1328 1426
114 400 582
103 22 183
13 1832 1849
77 1412 1570
26 1090 1126
121 216 439
80 754 867
99 238 437
74 1143 1237
36 1875 1918
71 1478 1604
75 310 439
104 167 328
98 1991 2155
52 1698 1825
8 1984 2003
67 1942 2028
9 1107 1128
91 406 632
62 1096 1220
98 723 877
14 967 991
60 1291 1408
48 654 768
87 457 592
68 1031 1182
38 794 887
83 1152 1266
4 745 752
54 413 539
59 820 920
107 911 1162
70 367 518
111 856 1119
115 1922 2038
73 176 272
112 377 565
59 915 975
67 460 612
61 819 927
1 1040 1041
48 606 670
14 1961 1983
116 1966 2234
63 65 177
27 1456 1509
35 1083 1150
24 435 466
58 1919 2019
37 1925 1993
19 97 140
9 829 842
108 553 759
68 1620 1710
104 1303 1410
99 907 1038
55 1075 1188
61 1629 1779
63 729 842
106 1989 2189
112 1893 2123
32 1733 1777
101 1175 1322
36 399 473
108 647 860
111 1744 1871
121 1200 1406
59 398 485
105 662 890
85 1499 1631
47 1570 1656
32 281 349
104 1263 1418
33 412 450
117 696 850
81 1140 1300
100 558 665
13 889 913
37 913 963
104 356 482
111 1187 1378
103 1290 1469
117 1136 1373
102 496 659
11 650 662
98 810 1032
2 1769 1771
108 1195 1366
