100
15 2 17
12 15 27
3 25 28
14 25 39
2 32 34
9 33 42
4 36 40
14 39 53
2 39 41
7 40 47
10 40 50
13 49 62
18 56 74
10 57 67
11 58 69
6 62 68
6 64 70
12 69 81
13 78 91
3 86 89
19 88 107
11 89 100
1 99 100
14 99 113
4 111 115
15 114 129
19 121 140
11 126 137
12 126 138
16 135 151
10 150 160
18 151 169
2 158 160
2 159 161
3 159 162
3 161 164
15 161 176
3 168 171
3 168 171
14 169 183
7 175 182
16 176 192
8 190 198
17 197 214
10 210 220
11 213 224
3 214 217
18 216 234
5 233 238
16 236 252
4 250 254
18 252 270
2 269 271
4 270 274
1 273 274
5 273 278
4 277 281
8 280 288
1 285 286
19 285 304
1 298 299
3 298 301
14 300 314
18 304 322
10 305 315
3 306 309
8 308 316
11 313 324
6 321 327
8 321 329
14 327 341
6 340 346
18 343 361
15 343 358
7 357 364
7 360 367
6 364 370
13 366 379
4 367 371
8 368 376
4 375 379
10 377 387
5 385 390
1 388 389
4 7 11
9 8 17
3 7 10
11 8 19
19 10 29
4 21 25
2 15 17
1 15 16
17 15 32
11 28 39
2 36 38
17 36 53
9 40 49
17 41 58
14 51 65
11 54 65
