350
111 13 128 
324 20 360 
114 29 149 
278 21 301 
296 23 334 
164 30 201 
290 18 311 
165 19 191 
224 24 253 
91 12 114 
107 21 136 
31 5 50 
298 17 322 
337 23 360 
2 18 34 
309 12 329 
290 14 307 
62 16 91 
263 20 299 
50 20 78 
94 19 119 
79 15 101 
211 19 243 
349 24 380 
165 22 196 
139 22 177 
63 18 87 
132 20 159 
204 16 228 
243 11 262 
210 26 248 
129 13 146 
200 27 237 
296 21 325 
95 24 136 
315 26 348 
103 32 148 
223 23 256 
101 15 127 
93 21 116 
174 12 198 
218 23 255 
221 12 235 
344 23 380 
259 16 276 
61 13 75 
236 12 260 
13 21 34 
124 12 143 
322 23 362 
41 19 68 
275 23 312 
343 13 362 
121 27 162 
256 21 280 
49 21 74 
346 22 381 
133 17 166 
187 22 221 
295 24 336 
99 18 132 
294 11 314 
257 23 294 
35 24 71 
192 16 224 
198 23 222 
132 20 168 
96 27 136 
308 30 340 
176 14 195 
138 13 158 
341 9 367 
277 22 310 
136 22 168 
267 25 306 
5 16 38 
173 25 214 
65 11 89 
37 24 65 
126 16 142 
47 23 78 
217 14 232 
162 14 188 
205 19 228 
274 22 306 
148 24 176 
308 27 347 
6 22 29 
341 20 378 
70 16 88 
280 16 307 
334 25 362 
349 14 371 
264 29 309 
176 8 195 
66 28 102 
22 18 48 
101 27 145 
55 15 77 
212 16 232 
19 28 54 
244 27 275 
306 22 332 
326 13 344 
293 24 331 
202 14 233 
115 1 119 
180 21 218 
326 15 352 
334 23 366 
269 16 291 
145 30 175 
37 2 42 
134 27 176 
307 16 337 
36 17 68 
111 25 141 
281 17 304 
286 8 304 
113 14 143 
318 21 347 
143 20 174 
254 26 289 
26 20 57 
201 19 229 
181 13 205 
193 25 234 
6 19 28 
342 20 374 
207 24 234 
59 12 73 
198 11 211 
60 21 85 
22 14 36 
154 15 174 
67 25 98 
117 23 148 
309 15 332 
311 11 326 
199 22 228 
13 14 31 
234 11 255 
72 28 114 
94 19 114 
213 5 230 
7 18 26 
242 17 262 
73 26 112 
328 5 339 
134 23 172 
151 22 178 
117 14 145 
200 22 231 
191 11 217 
116 12 145 
207 18 237 
41 9 57 
141 18 160 
299 23 336 
46 24 77 
192 21 224 
202 19 224 
308 20 340 
333 14 348 
288 21 322 
264 22 291 
182 26 224 
22 16 42 
108 23 148 
328 23 358 
73 19 97 
105 7 127 
282 21 303 
157 12 174 
148 13 171 
171 15 203 
319 20 343 
292 23 328 
268 15 295 
197 18 225 
315 10 342 
217 15 243 
45 9 71 
42 14 68 
325 12 353 
132 22 164 
259 14 289 
271 8 284 
323 6 337 
302 16 335 
53 13 71 
213 26 240 
201 19 236 
288 16 313 
98 28 127 
91 24 128 
163 12 175 
37 20 71 
53 20 81 
298 20 327 
175 16 207 
268 11 290 
107 15 139 
143 18 162 
340 18 362 
266 20 290 
31 16 47 
298 24 333 
107 24 136 
306 21 329 
93 25 135 
39 24 73 
284 20 307 
243 19 277 
169 15 193 
115 12 136 
146 20 176 
153 19 180 
119 26 159 
84 21 115 
346 24 382 
189 15 220 
88 15 106 
312 25 345 
8 10 18 
82 29 125 
137 18 169 
202 26 228 
315 21 342 
80 32 129 
67 14 87 
170 13 185 
199 27 227 
238 15 269 
38 9 47 
18 15 36 
348 9 358 
11 16 31 
279 7 303 
294 24 331 
58 22 94 
285 24 325 
307 15 333 
68 12 82 
213 5 231 
92 18 117 
113 16 137 
308 27 338 
127 21 152 
268 10 281 
234 13 260 
153 24 179 
14 20 35 
347 24 378 
57 18 89 
185 12 214 
128 16 150 
70 16 88 
142 29 178 
310 18 340 
116 14 140 
342 9 353 
5 18 28 
219 14 246 
107 17 132 
72 23 108 
110 25 144 
261 22 288 
226 26 258 
137 18 171 
278 6 288 
44 20 76 
78 30 115 
48 24 86 
40 28 73 
266 22 289 
146 18 175 
190 15 211 
188 17 214 
157 14 173 
325 21 359 
37 23 61 
236 31 279 
204 11 215 
249 19 270 
96 22 119 
246 22 268 
314 10 333 
122 22 160 
273 7 286 
184 25 213 
154 18 178 
273 24 299 
187 22 225 
238 15 266 
37 20 74 
263 24 294 
339 17 373 
332 17 356 
81 18 113 
87 21 118 
148 17 173 
279 16 307 
146 30 186 
167 21 189 
307 8 332 
105 3 115 
167 13 185 
23 24 64 
160 14 179 
248 13 270 
227 26 255 
241 32 274 
268 14 289 
136 17 153 
233 16 265 
112 18 131 
230 27 262 
2 28 46 
29 8 49 
348 16 380 
255 16 288 
38 21 64 
265 12 278 
161 19 185 
135 20 170 
290 21 314 
147 19 180 
132 29 171 
23 25 52 
23 13 41 
262 19 292 
218 15 237 
305 20 332 
212 23 239 
90 10 110 
312 17 329 
16 12 45 
12 12 24 
77 15 106 
319 14 348 
144 26 173 
314 14 329 
334 18 368 
199 14 223 
81 23 109 
176 25 218 
76 23 110 
195 23 219 
157 19 179
