450
343 3 352 
15 10 40 
38 24 79 
369 20 402 
120 24 155 
47 16 73 
176 5 193 
185 5 193 
247 18 272 
404 20 437 
99 4 110 
104 20 141 
267 26 312 
316 25 354 
57 24 91 
302 4 319 
422 17 460 
437 9 462 
304 24 341 
345 21 381 
167 11 196 
177 26 218 
33 19 72 
20 20 61 
327 13 350 
29 18 60 
379 11 395 
125 11 156 
346 14 368 
100 2 120 
140 13 164 
433 12 449 
286 18 308 
50 6 75 
221 2 232 
137 23 177 
95 22 135 
447 22 485 
97 5 113 
79 27 124 
95 13 111 
25 22 60 
181 21 205 
189 8 214 
375 16 395 
3 15 24 
97 16 123 
422 9 445 
415 26 443 
264 10 285 
31 21 54 
281 19 321 
129 3 146 
299 23 328 
91 4 106 
195 16 214 
93 22 126 
190 16 217 
205 22 228 
22 26 69 
259 15 292 
181 19 218 
405 11 421 
428 5 435 
103 8 131 
204 1 206 
148 7 163 
11 13 40 
365 27 409 
292 19 331 
104 5 126 
425 19 452 
230 5 245 
407 2 426 
120 27 161 
27 17 63 
364 25 397 
229 10 241 
230 6 251 
85 6 103 
89 8 102 
357 3 360 
432 22 463 
22 12 35 
382 1 402 
414 8 422 
121 19 161 
37 22 61 
108 10 133 
337 24 378 
71 16 87 
336 26 373 
286 5 300 
241 25 281 
344 6 370 
105 1 123 
38 27 72 
279 1 293 
8 12 26 
64 9 82 
147 17 178 
49 25 92 
51 6 62 
408 25 453 
80 16 111 
22 17 58 
218 3 233 
194 6 202 
178 11 191 
26 4 40 
98 1 118 
186 22 222 
439 3 462 
417 25 462 
346 27 394 
338 24 364 
409 4 416 
81 20 107 
106 4 126 
350 27 381 
440 1 457 
15 2 17 
324 17 354 
335 4 360 
301 18 323 
149 27 180 
236 21 277 
150 9 160 
309 4 334 
228 26 261 
15 1 32 
23 5 39 
170 10 193 
359 15 390 
355 11 383 
414 10 427 
314 25 351 
37 4 60 
305 13 323 
355 8 375 
350 5 374 
415 23 441 
365 2 382 
322 17 341 
117 25 144 
157 19 187 
270 6 295 
199 5 218 
401 25 426 
130 2 148 
230 20 251 
68 15 96 
433 1 453 
426 7 446 
262 7 272 
274 16 303 
193 7 201 
424 4 447 
86 13 105 
225 4 241 
90 17 122 
302 22 329 
281 3 302 
391 6 405 
378 13 396 
156 2 175 
170 26 210 
319 26 346 
193 4 198 
181 11 192 
365 1 371 
289 21 321 
321 24 358 
273 2 279 
99 14 133 
228 5 233 
76 2 83 
311 2 331 
250 1 262 
1 14 30 
422 14 441 
125 14 156 
85 19 112 
24 1 36 
158 3 164 
44 16 61 
152 23 186 
207 12 226 
179 13 204 
163 9 188 
432 9 451 
426 12 441 
150 19 189 
7 13 22 
188 2 204 
26 26 54 
289 21 320 
86 3 106 
260 24 300 
151 23 194 
300 4 308 
232 1 241 
294 5 313 
243 4 252 
331 14 350 
180 7 207 
393 21 435 
383 19 410 
438 6 460 
143 6 169 
118 5 130 
356 26 401 
351 4 362 
370 2 382 
322 20 348 
59 22 82 
170 19 196 
155 2 170 
289 13 305 
88 1 91 
440 25 482 
222 12 239 
340 25 371 
381 27 411 
36 19 70 
60 1 65 
316 13 335 
20 1 34 
368 2 371 
363 2 366 
92 25 126 
388 7 413 
183 6 193 
128 21 158 
332 10 351 
305 6 313 
414 5 430 
381 19 401 
389 15 418 
48 12 69 
13 25 50 
285 11 315 
285 24 313 
262 12 283 
398 15 430 
49 7 60 
401 19 433 
403 21 444 
115 1 137 
185 14 203 
20 16 48 
130 20 161 
91 8 104 
349 5 368 
119 2 139 
252 6 275 
159 23 199 
163 14 196 
252 16 276 
441 11 469 
205 13 224 
422 7 438 
166 21 200 
321 13 334 
418 4 441 
384 25 417 
430 22 466 
251 10 275 
331 9 344 
2 11 24 
210 2 215 
135 3 156 
115 20 147 
190 10 205 
70 26 108 
330 27 376 
99 15 135 
79 11 90 
261 20 295 
132 27 173 
112 22 149 
201 27 228 
213 25 259 
409 11 427 
299 20 322 
403 1 417 
16 17 42 
366 8 381 
272 21 301 
239 18 272 
398 14 429 
423 6 448 
173 6 188 
376 11 390 
60 8 76 
118 23 157 
327 1 336 
156 7 170 
140 19 167 
303 13 316 
284 15 302 
323 16 343 
431 23 470 
318 18 352 
63 24 107 
292 21 326 
176 22 204 
192 13 210 
68 12 84 
355 9 371 
170 3 174 
158 24 192 
188 2 195 
115 12 147 
253 7 274 
73 9 95 
424 26 457 
405 2 428 
20 7 31 
321 2 343 
1 6 12 
267 4 280 
381 14 415 
233 26 261 
382 18 417 
28 20 51 
412 25 440 
306 26 332 
54 25 84 
46 15 73 
288 10 306 
32 13 57 
349 25 379 
308 21 332 
346 10 376 
395 21 436 
375 16 402 
416 27 460 
140 12 163 
255 21 286 
37 27 68 
186 16 209 
373 13 388 
7 11 31 
393 14 410 
17 7 29 
156 3 172 
353 25 392 
393 10 420 
4 18 29 
215 12 238 
321 25 366 
273 17 298 
101 5 123 
420 3 425 
393 12 426 
211 22 239 
227 16 243 
416 21 450 
47 15 81 
380 1 394 
252 25 281 
107 7 117 
116 17 133 
152 8 163 
427 15 450 
161 7 179 
166 14 187 
192 21 219 
80 1 81 
77 21 111 
319 13 334 
219 26 259 
150 20 188 
436 14 454 
226 19 254 
22 4 44 
235 1 256 
25 6 42 
20 9 39 
114 23 146 
284 12 300 
210 9 239 
151 3 161 
385 25 416 
23 26 70 
323 15 357 
110 3 127 
326 9 338 
163 20 184 
62 13 93 
361 20 397 
52 7 66 
356 17 382 
395 18 426 
107 1 125 
82 23 122 
321 10 348 
389 27 434 
313 16 339 
50 6 76 
373 15 391 
396 15 418 
395 16 422 
418 24 450 
339 11 364 
59 13 74 
103 22 145 
211 5 233 
208 6 235 
346 27 379 
398 12 427 
154 2 169 
224 20 255 
252 6 265 
271 14 296 
109 4 114 
11 21 36 
299 20 323 
119 24 149 
443 10 469 
396 13 430 
49 11 78 
111 12 141 
108 13 137 
58 16 85 
361 27 399 
201 22 232 
390 27 422 
281 5 302 
409 26 438 
419 20 450 
155 15 178 
68 7 77 
77 15 96 
288 25 319 
253 4 266 
175 20 208 
263 25 299 
346 7 370 
137 23 164 
168 26 196 
72 20 103 
204 26 233 
430 5 435 
437 9 464 
220 5 228 
36 13 57 
84 21 121 
383 6 398 
