350
230 11 251 
243 7 265 
67 4 82 
241 7 262 
137 5 142 
13 10 37 
98 18 117 
231 9 252 
330 22 368 
347 18 375 
339 22 361 
231 21 260 
225 20 263 
214 2 224 
195 11 224 
80 14 112 
322 22 356 
41 8 49 
315 11 331 
72 1 83 
335 5 342 
205 2 215 
271 22 298 
159 1 161 
288 21 323 
185 7 194 
144 7 158 
216 1 220 
52 2 59 
87 5 95 
158 12 174 
116 18 150 
20 10 40 
154 14 173 
321 14 347 
98 11 126 
29 20 57 
164 21 201 
247 13 278 
295 13 325 
346 17 374 
278 18 314 
316 14 345 
158 19 177 
196 6 203 
227 16 252 
78 8 96 
131 2 151 
232 11 253 
321 2 339 
294 16 322 
347 23 378 
13 4 26 
190 19 219 
310 5 317 
80 22 116 
81 19 104 
246 13 273 
93 19 119 
5 20 41 
349 10 375 
189 8 215 
63 14 77 
76 15 103 
165 11 193 
56 17 76 
277 16 303 
78 16 99 
238 12 250 
102 20 134 
103 17 134 
237 4 249 
110 13 137 
187 11 200 
314 22 348 
51 2 71 
52 10 80 
299 15 316 
24 23 48 
306 23 346 
234 6 246 
8 14 25 
23 9 39 
110 14 130 
10 7 26 
130 1 133 
261 14 292 
1 8 23 
200 7 207 
222 2 242 
297 6 307 
164 9 185 
27 8 39 
192 6 212 
72 19 105 
252 21 277 
339 8 357 
190 20 225 
54 10 82 
259 16 281 
297 11 312 
316 5 321 
145 11 163 
180 18 201 
97 12 124 
231 21 262 
238 21 267 
103 2 109 
200 2 214 
156 4 167 
42 18 71 
219 15 238 
29 16 47 
213 10 241 
2 3 12 
57 5 79 
230 2 244 
261 3 282 
65 5 83 
325 22 356 
32 18 67 
105 2 112 
182 22 214 
101 7 109 
235 17 257 
14 23 48 
156 23 184 
83 23 109 
227 23 263 
246 9 270 
175 2 190 
311 9 331 
172 6 179 
297 18 327 
63 8 76 
108 17 127 
20 12 38 
312 7 327 
329 23 361 
145 1 151 
227 7 244 
304 6 310 
188 18 215 
38 10 48 
14 16 46 
27 17 50 
158 8 184 
273 4 286 
89 9 111 
32 10 49 
15 8 34 
107 8 130 
172 2 180 
231 18 257 
231 3 242 
253 14 279 
347 11 375 
130 5 153 
288 18 317 
339 6 361 
170 20 208 
101 11 126 
341 3 347 
306 1 316 
149 16 173 
204 14 222 
121 13 135 
93 13 108 
185 3 188 
34 18 54 
146 4 151 
310 13 334 
184 17 208 
32 22 60 
114 4 124 
136 15 161 
334 10 345 
66 18 93 
264 4 278 
130 17 164 
95 15 117 
201 6 221 
94 3 113 
225 21 252 
42 4 63 
118 23 156 
278 23 304 
310 17 334 
118 12 145 
147 8 172 
73 17 107 
338 2 346 
208 8 216 
304 5 322 
22 17 43 
349 16 373 
152 22 174 
120 14 150 
335 4 344 
133 19 152 
146 13 168 
5 4 19 
137 21 175 
168 9 190 
73 2 81 
236 8 260 
80 18 108 
78 10 101 
209 6 224 
198 18 233 
317 9 330 
200 23 235 
169 11 196 
14 12 26 
92 6 109 
136 11 161 
222 9 236 
207 13 223 
43 18 65 
77 9 101 
53 14 81 
247 21 273 
268 17 294 
205 4 210 
201 8 213 
299 4 317 
81 17 110 
207 4 226 
251 18 278 
173 21 196 
252 2 256 
298 8 323 
339 11 366 
30 1 36 
69 17 90 
243 9 260 
290 10 303 
224 16 256 
92 22 129 
158 1 165 
43 18 79 
230 21 252 
117 5 133 
225 9 246 
237 12 258 
72 4 84 
174 20 198 
196 13 224 
20 7 35 
167 16 191 
266 5 272 
347 16 374 
80 1 84 
10 12 32 
220 20 253 
75 10 93 
43 7 51 
13 3 29 
102 4 110 
261 18 290 
240 14 254 
21 21 52 
156 5 163 
99 21 131 
52 21 83 
324 14 345 
131 7 151 
235 9 249 
134 15 158 
166 9 180 
240 3 259 
58 5 65 
302 19 329 
144 23 184 
299 19 321 
81 15 111 
239 16 270 
338 8 352 
128 4 145 
326 10 353 
8 9 26 
68 4 76 
95 21 129 
233 7 250 
7 4 23 
201 3 205 
72 11 96 
219 3 224 
348 1 358 
30 7 53 
163 17 185 
199 4 220 
168 21 197 
165 19 194 
209 16 228 
56 16 89 
256 6 263 
107 19 128 
81 19 118 
91 18 127 
166 11 192 
238 19 273 
239 5 247 
99 2 115 
305 16 323 
161 12 182 
307 11 321 
10 13 31 
325 9 335 
216 17 246 
98 3 107 
37 8 58 
222 7 237 
33 5 56 
303 18 336 
162 5 167 
333 18 368 
184 18 218 
80 19 106 
40 11 61 
338 11 353 
311 13 324 
242 7 256 
274 13 294 
165 16 184 
60 17 86 
285 13 303 
172 22 198 
268 15 284 
222 22 246 
177 12 191 
68 10 93 
98 6 122 
198 11 221 
199 10 212 
185 7 209 
305 8 314 
251 9 276 
173 4 177 
79 16 98 
238 19 274 
162 21 183 
180 11 191 
316 14 343 
299 6 305 
211 8 224 
184 23 222 
81 12 101 
153 21 176 
195 14 218 
