250
239 9 258 
107 14 122 
8 14 22 
145 26 175 
115 24 145 
83 14 99 
125 6 138 
90 16 120 
47 16 76 
177 6 186 
165 10 175 
155 15 184 
162 21 197 
244 7 265 
184 23 213 
239 9 251 
113 16 131 
133 17 154 
76 15 93 
123 17 149 
50 15 78 
192 10 204 
62 14 86 
198 21 219 
52 17 70 
233 14 261 
111 9 128 
66 16 85 
39 18 67 
40 12 53 
72 9 92 
84 9 93 
203 15 231 
46 22 74 
160 19 189 
69 14 97 
231 19 258 
191 23 217 
170 21 193 
117 20 144 
112 20 142 
211 9 224 
176 9 194 
93 23 125 
101 24 127 
245 16 275 
20 14 47 
50 14 77 
34 16 64 
235 29 273 
137 11 162 
236 22 259 
50 18 78 
133 24 160 
241 15 256 
82 20 105 
119 14 133 
226 16 254 
17 9 27 
34 22 67 
168 14 187 
136 20 163 
19 14 42 
61 15 90 
200 13 220 
154 22 187 
188 8 208 
191 12 210 
147 17 176 
33 17 64 
187 15 212 
226 16 244 
237 20 262 
166 16 195 
226 6 232 
247 2 258 
159 21 194 
231 15 255 
165 25 196 
75 18 106 
123 12 135 
128 15 151 
60 14 81 
79 22 101 
143 14 157 
38 23 68 
102 17 122 
183 25 208 
168 23 192 
211 17 242 
153 16 182 
217 10 238 
172 21 199 
201 18 220 
2 3 6 
99 11 113 
119 6 136 
228 11 253 
130 16 150 
244 16 273 
23 24 49 
228 9 237 
24 16 44 
205 13 227 
7 10 24 
9 24 41 
230 7 245 
145 18 171 
201 10 221 
200 9 222 
133 15 151 
97 12 117 
113 32 148 
47 23 84 
107 12 128 
11 18 29 
50 18 82 
133 13 157 
126 10 138 
10 23 45 
185 19 216 
76 21 108 
97 26 126 
46 14 67 
5 6 13 
160 17 186 
205 10 221 
174 11 190 
24 25 54 
188 17 206 
74 15 96 
24 21 47 
186 7 196 
210 19 243 
124 21 153 
114 13 129 
110 21 140 
73 10 91 
170 15 185 
31 14 59 
121 23 156 
80 18 111 
134 20 164 
53 11 74 
54 12 72 
228 13 243 
116 19 147 
235 16 254 
139 18 164 
53 18 79 
40 17 65 
67 17 95 
40 17 60 
37 20 62 
138 19 164 
165 26 201 
32 18 50 
52 9 63 
50 21 78 
192 14 219 
242 9 263 
233 9 253 
129 21 155 
204 17 222 
86 21 115 
77 16 106 
90 19 111 
170 4 176 
81 10 100 
122 17 145 
74 15 94 
154 13 178 
22 16 52 
45 14 65 
16 14 40 
119 22 144 
220 16 245 
58 24 82 
203 19 223 
65 12 77 
4 14 32 
58 19 78 
102 12 122 
108 12 128 
168 16 187 
112 17 142 
142 15 169 
180 5 196 
101 8 117 
120 18 141 
205 11 226 
170 12 184 
98 16 118 
174 8 194 
177 19 203 
237 14 253 
94 17 119 
153 9 165 
89 12 114 
56 16 79 
115 12 129 
79 4 96 
154 9 177 
85 14 112 
74 25 100 
119 15 147 
94 17 113 
13 25 51 
40 23 75 
8 11 21 
96 8 114 
147 17 178 
173 19 195 
146 23 169 
188 15 207 
99 16 126 
228 15 255 
210 19 241 
1 8 21 
89 21 117 
80 18 104 
90 14 111 
1 7 17 
37 27 70 
106 11 128 
210 27 246 
212 6 223 
13 7 22 
210 16 238 
244 11 264 
13 12 37 
14 14 42 
102 9 112 
110 18 135 
50 16 66 
118 15 139 
229 10 246 
227 21 255 
237 15 253 
170 20 198 
202 11 226 
228 15 244 
170 12 192 
211 15 230 
76 19 103 
102 31 134 
44 21 78 
192 17 221 
170 22 198 
15 14 38
