500
80 18 99 
13 8 24 
351 3 376 
323 6 338 
291 28 319 
443 1 461 
173 21 213 
62 18 84 
379 10 410 
205 17 236 
328 6 340 
199 11 231 
223 9 250 
117 2 135 
497 9 518 
158 8 173 
143 26 187 
379 18 416 
125 15 162 
260 16 290 
235 20 260 
141 24 170 
39 25 73 
460 14 489 
17 14 49 
314 23 349 
305 17 335 
371 5 396 
11 10 31 
440 28 480 
195 17 214 
193 16 231 
160 11 178 
393 16 417 
396 6 423 
430 23 474 
136 27 168 
287 2 293 
302 25 342 
310 12 335 
212 27 243 
84 25 113 
392 11 417 
275 12 303 
19 23 63 
307 5 315 
108 19 143 
69 20 90 
9 27 43 
27 23 71 
74 20 94 
26 24 55 
461 10 473 
4 3 18 
449 27 481 
135 2 139 
215 13 250 
275 28 319 
494 9 512 
479 26 524 
395 23 430 
29 20 61 
490 24 519 
380 9 399 
48 10 80 
229 17 257 
357 25 394 
218 27 267 
460 4 472 
168 24 211 
365 26 408 
142 4 165 
123 20 159 
419 16 453 
293 3 297 
439 10 466 
381 11 404 
260 6 283 
163 2 178 
303 4 313 
370 26 397 
58 8 84 
467 23 503 
67 8 92 
289 2 300 
360 7 371 
365 14 398 
76 12 94 
352 14 379 
16 4 21 
318 14 337 
435 16 458 
356 24 401 
398 26 437 
209 27 258 
350 4 362 
266 26 312 
296 5 322 
444 8 472 
37 23 72 
102 11 122 
159 7 188 
406 3 428 
363 24 390 
225 17 262 
60 4 81 
111 23 145 
351 5 375 
302 27 336 
357 11 375 
351 11 382 
329 13 346 
222 15 255 
58 13 72 
342 1 357 
222 27 250 
48 27 81 
266 23 311 
451 25 481 
193 11 220 
149 3 164 
285 26 312 
57 6 81 
158 4 162 
22 6 35 
421 18 460 
65 13 99 
217 11 232 
68 8 98 
465 21 505 
309 1 315 
389 2 409 
276 27 317 
94 17 127 
235 12 268 
104 17 131 
277 6 286 
58 22 100 
231 26 271 
349 25 390 
29 25 66 
193 28 235 
460 27 490 
367 11 397 
280 16 302 
100 4 116 
269 28 300 
182 15 205 
378 19 409 
91 20 131 
121 22 148 
481 17 517 
310 16 339 
297 21 327 
114 22 141 
351 7 363 
497 3 520 
212 26 239 
483 15 510 
177 28 223 
426 26 471 
350 13 367 
454 1 476 
168 5 193 
219 13 245 
494 7 501 
141 23 180 
476 11 493 
421 7 428 
64 7 78 
7 20 31 
53 12 84 
285 13 299 
34 21 67 
299 4 306 
306 1 329 
133 14 169 
88 21 115 
500 26 543 
303 4 320 
483 25 520 
124 10 143 
472 26 503 
451 6 465 
272 22 300 
258 22 301 
492 16 514 
405 15 440 
436 16 467 
487 16 503 
470 6 479 
96 21 125 
354 26 400 
393 27 433 
152 26 188 
120 8 146 
334 22 362 
228 2 234 
442 28 479 
340 13 357 
364 7 377 
194 6 200 
422 17 455 
372 22 408 
277 24 320 
249 18 283 
104 2 108 
207 18 239 
250 5 277 
294 24 324 
328 2 344 
202 28 232 
403 3 422 
496 4 517 
391 6 403 
500 5 527 
210 23 250 
354 17 372 
94 19 113 
5 3 11 
255 15 275 
114 2 128 
94 19 129 
275 13 303 
389 25 431 
262 19 303 
464 12 493 
195 16 212 
287 12 299 
94 20 122 
311 10 321 
271 5 292 
414 14 446 
162 9 173 
332 27 368 
333 24 358 
84 12 104 
210 7 234 
498 5 505 
234 16 266 
74 9 84 
245 7 271 
263 9 286 
215 13 240 
403 21 436 
78 19 110 
28 27 68 
40 25 81 
116 18 151 
443 23 486 
131 6 154 
227 2 240 
403 27 445 
73 2 76 
430 22 467 
43 27 89 
152 5 158 
311 9 329 
416 18 455 
71 22 100 
398 15 434 
377 2 391 
61 7 87 
331 23 370 
494 21 525 
500 2 517 
478 5 497 
163 2 187 
190 5 201 
483 18 513 
328 23 367 
328 4 352 
268 21 290 
135 20 157 
431 2 453 
375 20 414 
236 19 258 
157 10 188 
488 27 531 
392 13 405 
150 10 171 
30 26 61 
388 4 398 
188 21 212 
382 12 401 
17 20 43 
432 11 464 
451 22 476 
458 26 485 
360 22 384 
203 14 227 
155 12 174 
190 6 215 
161 6 170 
172 1 175 
178 28 209 
26 22 51 
122 28 163 
16 21 47 
203 1 210 
206 19 233 
242 4 253 
187 3 202 
121 12 146 
158 26 204 
367 7 380 
42 17 66 
178 22 218 
346 12 366 
461 6 480 
499 16 537 
115 2 125 
201 24 236 
82 2 88 
212 3 230 
195 5 222 
457 16 477 
364 16 398 
439 12 468 
171 19 199 
347 15 379 
2 27 29 
145 24 189 
178 28 225 
387 28 429 
397 5 413 
206 2 219 
122 5 132 
479 8 499 
80 2 88 
494 22 523 
329 6 346 
492 22 518 
437 14 462 
372 10 395 
1 20 40 
341 7 367 
135 17 158 
388 19 407 
321 4 330 
407 12 436 
56 12 86 
169 1 189 
478 12 507 
112 17 131 
460 18 489 
326 18 359 
439 17 458 
127 23 155 
116 1 136 
150 7 170 
164 13 178 
98 17 128 
137 28 167 
48 17 70 
237 11 254 
340 2 355 
360 3 371 
126 4 142 
411 13 446 
489 14 523 
121 9 143 
468 10 495 
365 19 397 
140 2 160 
229 19 260 
212 17 229 
316 4 331 
64 28 99 
425 12 447 
434 11 464 
281 4 298 
49 4 69 
180 20 222 
458 1 476 
220 28 265 
324 15 343 
231 11 263 
446 11 465 
260 20 300 
211 7 234 
265 4 289 
202 1 225 
20 17 57 
222 14 240 
482 22 515 
192 10 220 
145 12 176 
161 15 188 
310 7 325 
163 26 190 
435 25 461 
221 15 248 
186 13 220 
434 4 442 
210 1 231 
306 26 345 
236 20 277 
16 21 46 
281 5 287 
33 7 60 
73 2 78 
1 23 39 
136 26 162 
294 23 332 
457 8 468 
337 3 360 
467 23 509 
384 20 424 
256 2 261 
356 1 359 
5 15 23 
378 24 418 
59 7 80 
386 4 408 
164 8 175 
202 12 222 
342 17 368 
73 17 104 
376 20 418 
290 26 320 
142 28 175 
76 19 109 
388 28 428 
468 12 495 
375 7 388 
500 24 534 
447 13 479 
148 19 189 
8 2 11 
225 13 242 
101 18 125 
174 9 183 
98 25 135 
123 5 149 
209 6 235 
118 19 142 
159 22 185 
230 24 264 
291 16 328 
110 4 132 
386 15 413 
462 4 483 
122 4 144 
326 1 329 
336 21 371 
333 5 342 
480 11 511 
401 24 428 
66 9 93 
33 24 71 
235 7 251 
86 12 117 
489 13 516 
84 6 102 
330 18 369 
8 11 20 
156 13 188 
431 4 441 
32 3 50 
270 7 280 
483 22 524 
93 9 108 
39 12 62 
34 18 67 
20 16 43 
378 3 395 
2 5 10 
182 2 194 
240 14 272 
235 16 263 
163 16 186 
48 16 73 
324 19 355 
51 26 95 
73 23 99 
127 28 156 
217 19 246 
323 9 336 
454 13 470 
472 28 514 
497 12 517 
89 12 117 
303 22 326 
56 11 88 
276 19 308 
438 6 459 
334 4 354 
438 5 453 
373 23 413 
300 28 331 
298 27 338 
74 24 104 
328 23 361 
161 17 192 
210 8 234 
40 6 58 
312 2 334 
470 28 520 
419 11 432 
