500
37 37 77
37 26 68
42 20 76
66 36 126
53 34 99
53 16 89
56 36 96
10 50 87
47 45 114
41 25 81
69 9 102
25 45 73
76 15 121
43 32 108
33 3 49
26 1 48
36 14 71
17 8 34
41 21 69
12 27 55
23 9 39
18 20 38
58 29 111
4 35 75
29 10 39
63 39 134
78 11 103
62 21 113
16 50 72
35 38 73
11 22 45
88 9 106
68 15 101
34 16 82
20 19 73
39 44 110
71 41 129
74 6 99
87 43 154
53 21 89
11 40 64
94 17 123
70 41 126
80 22 137
79 49 139
85 16 134
30 4 70
15 42 66
16 20 50
71 30 134
20 11 65
99 33 149
42 6 50
34 7 71
70 9 115
83 26 143
23 41 75
45 42 113
88 16 115
46 14 88
109 11 135
85 9 116
44 9 83
57 49 116
97 27 135
30 40 88
20 10 46
92 6 115
31 1 68
72 30 102
34 39 78
98 47 162
92 48 165
28 47 90
48 18 84
94 2 124
115 13 129
51 5 91
49 41 109
114 35 165
103 48 159
28 41 94
55 23 80
113 42 173
77 23 129
78 44 147
83 32 123
56 15 73
114 6 151
111 33 150
117 7 150
53 34 94
23 13 44
71 41 135
95 9 117
113 24 152
19 19 73
107 9 152
80 18 123
31 25 79
53 2 90
57 30 102
62 5 77
101 12 134
41 8 64
102 8 118
22 34 60
134 40 198
111 44 161
93 19 140
28 45 99
123 28 156
130 45 212
52 14 74
73 34 124
54 27 96
106 12 137
147 10 160
47 33 105
92 34 131
49 11 62
70 38 142
74 17 100
37 14 52
91 21 117
122 29 181
82 7 106
157 19 193
31 41 106
135 39 187
111 4 147
100 8 131
73 8 101
138 39 190
45 6 68
109 1 114
29 48 85
153 18 182
135 19 191
102 32 161
132 50 204
164 34 199
65 36 110
84 37 150
86 13 105
37 13 75
94 15 128
48 45 114
36 15 79
130 44 206
113 39 163
80 27 130
36 5 47
65 18 97
50 31 114
91 28 122
140 47 219
135 1 162
46 22 82
169 17 186
125 24 152
143 47 226
71 45 126
170 28 227
115 17 149
86 12 126
69 37 114
144 10 174
96 9 116
167 11 178
164 42 243
172 33 210
96 21 140
140 12 157
136 50 191
83 20 125
124 6 130
115 36 186
139 46 221
108 50 160
182 21 237
146 35 203
143 4 152
148 21 172
80 40 156
77 37 137
178 28 234
195 43 239
86 25 136
95 35 165
124 1 140
129 19 184
131 21 168
60 22 116
78 45 138
101 18 132
133 19 176
89 7 106
176 32 229
112 50 181
188 31 255
53 44 133
200 18 240
196 14 223
183 7 204
180 30 233
165 10 207
48 49 121
75 32 111
63 35 103
185 32 233
96 38 160
176 1 185
77 19 128
172 36 214
121 20 146
138 13 184
161 15 183
157 9 196
164 13 178
80 17 111
114 47 192
206 41 261
85 43 142
130 33 170
51 44 101
120 24 144
108 9 149
205 12 228
222 42 297
230 44 293
149 15 191
118 27 165
201 13 224
89 34 136
118 24 158
63 6 90
200 47 275
50 22 85
72 24 105
181 22 214
215 33 283
91 15 111
119 21 144
205 40 251
228 9 273
144 25 189
171 27 227
143 13 162
161 28 209
56 20 105
130 47 188
137 47 198
217 49 293
113 19 151
111 43 180
193 38 232
170 10 203
88 38 159
239 8 280
152 14 174
144 1 171
121 14 163
231 26 261
228 13 274
139 38 207
217 22 274
103 36 161
163 30 202
106 8 116
205 38 247
75 48 136
216 14 234
106 34 142
124 6 134
221 18 266
191 28 229
59 13 72
261 19 285
125 33 186
63 22 103
185 22 231
225 27 253
177 29 215
114 19 163
179 7 208
240 33 295
265 17 310
203 36 258
112 49 192
66 41 122
115 43 177
238 4 246
142 8 174
258 22 301
86 16 132
110 21 144
100 47 175
157 8 179
263 10 278
148 36 206
145 46 206
104 20 129
85 5 105
278 40 339
251 8 271
149 5 183
234 41 280
97 46 163
221 9 239
163 12 186
225 50 307
212 21 253
212 14 250
224 41 269
203 39 250
236 20 256
68 10 104
152 30 219
134 47 199
93 7 137
192 45 244
216 1 239
253 37 309
285 36 324
193 41 250
227 9 258
67 30 108
139 34 208
155 4 178
259 4 285
203 20 238
150 1 173
241 40 296
250 44 327
219 36 280
290 2 314
292 35 341
129 36 179
270 25 309
171 38 242
305 5 318
300 7 315
109 18 152
268 9 295
141 30 182
159 38 201
301 26 339
237 30 269
250 24 288
128 30 173
197 21 247
77 39 152
167 1 177
123 37 162
73 31 130
299 27 338
200 41 248
187 43 255
191 20 222
292 18 343
177 35 219
119 13 151
281 39 341
223 12 255
112 38 178
218 49 287
300 28 336
169 26 225
273 8 318
328 9 355
229 10 246
125 40 194
75 41 128
300 37 360
189 50 266
183 14 218
214 9 234
171 25 208
109 37 175
217 4 227
171 43 249
168 48 231
261 40 320
255 39 320
157 15 205
204 6 212
245 29 294
139 20 159
263 18 290
249 23 300
237 9 249
243 28 307
226 16 260
134 3 169
114 28 178
199 18 236
297 46 350
276 25 321
322 34 363
88 12 112
153 49 218
221 26 272
198 21 235
349 44 427
301 8 315
157 21 192
274 17 302
86 34 140
199 36 255
291 6 326
119 43 177
170 3 210
240 9 264
300 50 376
244 38 309
297 14 311
136 28 175
120 41 190
245 37 310
323 30 356
247 46 298
150 28 191
117 12 150
178 45 253
103 35 169
251 32 317
152 49 213
350 2 368
196 4 218
365 31 403
95 9 141
343 47 402
335 27 369
233 5 254
273 25 334
264 35 332
325 40 389
150 12 181
132 16 170
322 50 398
218 3 238
272 2 287
345 40 407
271 24 298
233 6 239
302 17 346
373 40 438
237 19 266
326 36 392
292 23 341
172 15 188
90 45 152
154 32 186
275 39 331
205 13 220
316 4 356
302 17 342
92 29 141
275 32 310
218 3 222
193 26 229
331 43 393
99 24 132
279 18 318
237 9 255
232 13 252
303 37 344
289 3 303
360 6 366
318 49 386
347 15 371
224 36 266
360 34 394
223 44 302
193 33 239
105 45 158
268 19 297
172 43 234
123 4 140
331 38 402
120 33 162
394 29 425
189 2 198
332 39 373
166 26 192
286 18 304
394 27 439
314 50 371
299 36 366
371 19 416
350 14 386
133 11 160
274 44 354
376 47 449
375 17 422
346 40 397
152 11 200
407 22 447
261 31 313
