300
24 3 42 
116 2 128 
191 12 205 
211 17 233 
86 3 98 
85 4 94 
250 15 265 
45 21 70 
49 5 64 
240 10 251 
22 16 49 
183 2 190 
169 2 171 
64 21 99 
14 22 48 
99 16 126 
48 6 55 
50 19 86 
182 9 205 
156 19 181 
223 19 246 
12 1 28 
124 9 134 
8 13 28 
291 7 307 
197 20 221 
7 8 25 
257 15 272 
31 17 50 
140 6 160 
96 1 101 
183 13 201 
272 20 294 
146 16 176 
300 16 327 
29 16 45 
74 10 100 
220 5 232 
126 16 158 
202 22 228 
275 1 291 
68 7 87 
105 8 126 
92 2 101 
65 17 90 
135 11 159 
192 22 227 
238 5 251 
52 14 78 
125 21 151 
198 15 219 
242 6 259 
36 15 55 
254 11 272 
44 7 66 
189 2 195 
294 4 312 
273 17 298 
40 22 68 
182 3 197 
296 9 318 
290 20 318 
77 1 95 
39 16 68 
300 16 328 
11 16 37 
157 4 167 
201 21 233 
259 13 273 
113 4 124 
32 5 52 
72 16 104 
94 22 117 
47 12 75 
27 2 36 
21 14 46 
291 12 317 
20 2 22 
87 21 123 
214 14 234 
230 19 259 
198 17 225 
30 21 65 
178 15 194 
168 22 195 
191 5 210 
17 16 36 
269 21 307 
279 3 297 
45 5 61 
251 14 271 
7 4 22 
62 14 80 
189 19 221 
45 16 62 
201 7 209 
87 17 116 
192 22 217 
274 18 298 
113 15 140 
244 22 272 
222 2 224 
156 5 177 
132 11 158 
2 14 31 
5 2 7 
282 16 303 
171 12 196 
234 15 263 
59 6 81 
211 8 222 
64 7 73 
71 18 91 
111 17 135 
263 7 275 
16 1 19 
110 4 131 
187 14 218 
15 6 36 
37 19 56 
1 3 10 
271 14 294 
186 4 206 
139 1 157 
292 14 315 
207 20 228 
66 20 87 
252 9 273 
109 10 133 
29 3 43 
226 19 255 
167 15 186 
93 17 126 
97 20 132 
139 8 157 
277 16 309 
248 18 278 
141 7 165 
195 20 220 
201 16 218 
156 3 168 
179 8 201 
149 14 171 
33 15 63 
135 5 144 
126 9 143 
208 17 238 
71 19 90 
51 1 61 
179 21 205 
60 5 77 
150 16 179 
267 2 283 
251 9 261 
96 10 119 
130 10 145 
210 22 242 
63 13 81 
140 6 158 
127 11 141 
259 3 279 
170 4 181 
212 3 232 
30 19 54 
128 11 146 
38 11 57 
242 4 252 
31 18 51 
150 20 184 
79 20 112 
76 18 95 
127 3 144 
282 6 289 
162 7 183 
277 11 305 
66 22 99 
192 17 222 
217 8 228 
148 1 157 
157 16 181 
52 1 54 
233 2 237 
243 5 261 
209 1 224 
210 13 240 
267 14 292 
103 13 127 
62 1 69 
32 20 59 
150 6 163 
272 17 294 
215 12 242 
209 6 221 
181 22 213 
90 2 105 
13 14 28 
200 17 224 
191 4 196 
82 16 113 
20 7 38 
169 10 184 
167 18 201 
28 22 66 
275 13 300 
237 4 258 
189 22 224 
181 2 191 
80 21 102 
155 15 184 
52 5 73 
218 11 238 
159 20 192 
43 8 54 
263 21 284 
47 8 67 
97 14 128 
261 10 284 
168 9 187 
192 3 200 
275 14 303 
161 14 186 
263 14 283 
40 7 49 
44 10 61 
25 18 47 
260 22 291 
38 1 55 
10 13 39 
170 8 190 
108 13 132 
221 18 253 
35 3 52 
32 5 40 
170 4 188 
291 18 323 
13 5 34 
297 9 319 
9 8 23 
202 16 221 
288 1 289 
43 18 66 
54 17 77 
130 12 153 
57 18 88 
70 1 87 
274 20 300 
75 14 96 
75 6 87 
42 7 62 
290 4 302 
102 15 118 
284 12 310 
263 21 296 
194 18 217 
107 12 123 
108 11 130 
151 22 173 
250 17 279 
173 5 183 
199 15 230 
42 3 59 
253 21 279 
58 7 81 
210 8 223 
124 19 146 
71 8 82 
153 11 171 
166 17 193 
160 22 183 
155 20 183 
198 19 231 
133 22 158 
37 21 63 
252 3 262 
294 7 316 
56 20 80 
243 2 260 
175 1 176 
102 8 127 
26 11 45 
149 3 164 
92 11 110 
106 11 119 
207 21 233 
173 10 199 
85 5 102 
198 8 206 
241 13 271 
5 9 14 
3 10 20 
229 4 246 
217 20 237 
93 18 127 
176 16 194 
161 6 178 
50 1 56 
150 13 179 
203 14 217 
273 1 278 
132 13 162 
