200
3 0 3
16 0 16
5 0 5
10 0 10
2 1 3
7 1 8
1 1 2
13 2 15
10 3 13
19 5 28
8 6 14
9 10 19
16 10 27
1 12 13
18 13 34
10 17 29
7 17 25
13 19 32
5 24 29
14 26 41
14 27 42
9 28 37
2 28 30
11 29 42
5 29 34
6 30 36
8 32 41
8 35 43
7 36 43
3 36 39
10 39 49
19 41 64
16 41 58
13 41 54
4 43 47
5 44 49
8 44 52
2 48 50
3 48 51
12 49 62
5 51 56
14 52 66
17 53 70
10 54 65
2 54 56
18 55 74
2 58 60
10 59 69
15 60 77
7 62 69
19 63 86
11 64 76
17 65 85
7 76 84
6 77 84
6 82 88
12 83 96
19 83 102
5 85 90
16 85 103
10 90 101
13 93 107
18 94 112
8 95 104
12 95 109
10 96 106
12 97 110
15 99 115
8 103 112
11 105 117
8 107 115
4 108 112
11 111 122
1 112 113
6 113 120
3 113 116
5 114 119
19 115 135
14 116 130
9 116 125
16 117 135
2 119 121
9 119 128
5 120 125
5 120 125
16 121 140
7 122 129
4 123 127
18 124 143
5 125 130
14 126 140
4 128 132
19 129 150
13 130 143
13 134 147
12 135 147
1 136 137
13 137 152
1 139 140
13 140 153
9 140 149
17 141 158
15 143 160
4 145 149
14 145 162
4 148 152
7 149 156
3 151 154
17 151 170
3 152 155
16 154 170
4 156 160
15 157 172
17 159 178
18 163 183
19 165 187
6 167 173
16 168 185
3 171 174
16 173 192
2 175 177
9 176 185
11 176 189
19 178 197
18 180 201
3 180 183
13 181 194
4 186 190
19 189 211
3 192 195
8 194 203
18 194 213
4 197 201
12 198 211
18 203 221
11 204 215
6 205 212
5 206 211
9 207 216
19 209 232
9 211 220
11 211 222
13 212 227
10 212 223
16 216 235
7 217 224
15 218 236
11 224 236
1 228 229
12 229 242
6 229 235
3 231 234
6 231 237
19 232 254
18 233 251
18 233 251
10 235 247
13 238 251
4 239 243
19 241 262
5 241 246
1 245 246
11 246 257
1 246 247
16 247 265
13 247 261
5 249 254
16 251 268
15 253 269
2 253 255
12 254 266
4 261 265
17 262 282
19 264 286
1 265 266
15 266 281
9 270 279
18 275 296
10 279 291
11 284 296
6 290 296
11 295 307
14 296 310
12 302 316
19 304 325
2 308 310
8 316 325
16 323 341
19 337 359
6 345 351
5 347 353
11 351 363
17 354 372
11 366 378
18 369 388
10 377 388
5 383 388
16 387 406
10 406 416
7 409 416
