250
2 3 9
1 3 6
7 5 17
1 0 11
5 1 12
1 1 3
2 0 12
6 5 19
3 4 14
6 5 14
7 0 7
6 3 15
1 8 14
8 4 13
1 3 6
1 8 12
7 6 20
4 5 14
7 3 10
4 3 17
6 4 18
3 1 7
8 4 21
4 8 20
8 8 17
1 4 11
7 6 16
7 10 19
7 2 9
1 4 14
7 10 22
6 10 17
7 7 20
1 12 19
7 12 29
7 11 18
6 8 17
7 14 27
3 9 17
4 14 20
5 12 19
6 9 15
1 11 15
8 6 23
3 11 17
6 16 23
7 11 18
8 10 21
4 17 31
8 17 34
6 7 19
1 10 14
5 16 27
4 13 18
4 12 19
6 13 23
2 10 22
4 10 21
1 11 13
3 12 19
6 20 29
7 15 26
2 12 14
1 16 22
8 16 29
3 20 26
3 20 33
2 12 19
1 14 20
7 22 38
3 14 20
4 12 23
5 13 21
7 13 26
2 23 31
5 22 27
1 17 28
5 22 32
5 17 22
5 19 25
1 24 33
3 22 32
7 24 37
5 17 23
1 25 31
5 18 33
8 16 34
4 26 31
8 18 26
4 27 31
5 21 32
5 20 28
3 18 21
4 24 28
8 25 36
2 20 26
3 22 27
7 21 36
1 25 35
3 25 31
7 21 28
6 28 39
8 24 32
4 29 35
8 21 38
7 24 35
5 22 29
1 26 28
4 27 41
5 22 32
6 30 45
8 28 44
4 29 43
6 32 39
6 31 44
1 27 28
1 31 41
4 30 35
2 31 34
4 30 43
1 34 37
1 34 41
6 28 37
2 32 38
8 31 45
1 28 39
2 27 35
7 30 44
4 28 36
7 33 43
3 37 48
6 30 43
2 37 46
5 35 49
8 28 45
2 34 43
3 33 36
1 37 43
8 37 46
3 35 45
3 40 52
5 36 44
3 40 45
1 36 41
7 33 48
5 33 48
1 41 48
5 36 49
8 41 59
7 34 44
4 38 44
7 35 50
2 42 46
5 37 48
3 33 36
4 39 51
5 39 44
1 44 52
4 39 48
3 39 51
7 35 47
3 40 45
6 40 46
1 42 44
6 44 53
5 46 60
1 39 45
7 41 52
4 41 52
4 43 56
4 38 42
5 43 57
3 41 53
5 45 60
2 41 44
4 39 53
7 44 53
6 42 54
1 45 47
3 41 54
1 40 43
5 50 62
3 42 47
8 40 50
6 45 54
3 46 53
3 47 53
5 47 56
3 47 60
6 50 63
1 46 47
4 43 47
3 53 66
8 50 62
6 52 59
4 43 49
6 47 57
1 46 56
7 47 59
5 48 59
4 52 63
7 52 59
5 47 57
7 54 69
3 55 67
4 50 64
7 49 57
6 48 54
3 49 54
4 48 55
1 55 59
8 48 66
3 56 64
1 52 59
4 52 66
4 58 69
6 50 66
8 56 69
3 53 58
6 59 67
4 57 71
7 56 64
6 52 58
4 52 59
2 60 68
3 58 69
2 55 67
7 58 71
7 52 68
5 57 71
6 55 62
1 57 65
7 59 75
2 62 74
4 59 73
4 59 69
7 56 70
1 58 64
6 58 64
1 54 63
8 64 73
5 58 65
8 56 70
5 58 66
8 57 72
1 66 74
8 58 68
4 65 73
5 59 71
7 57 72
