250
35 2 91
41 3 102
30 6 54
56 2 95
144 1 432
43 0 77
49 62 186
52 63 173
53 60 154
31 62 157
30 60 148
141 69 430
52 110 227
82 110 277
35 173 255
49 167 261
36 171 243
32 164 257
141 172 534
126 219 508
31 223 308
46 224 297
36 223 276
86 281 416
51 279 365
48 282 360
40 329 439
37 324 404
45 327 430
42 324 453
30 363 422
40 361 470
58 361 524
92 367 573
39 359 424
40 367 458
39 403 505
30 404 488
33 406 476
51 406 521
52 410 487
58 401 560
37 457 563
132 462 654
32 522 602
42 516 603
96 555 742
56 547 690
54 551 679
48 556 646
56 610 725
51 605 694
37 676 769
88 675 813
45 671 758
57 727 844
51 729 867
51 731 883
34 733 825
141 787 1106
57 779 918
50 778 872
57 788 947
84 781 1025
37 778 841
37 834 914
33 838 912
43 829 897
52 870 1024
47 877 968
59 873 974
48 927 1001
58 935 1097
141 930 1323
37 926 1032
45 930 1050
50 928 1069
56 1002 1105
52 1004 1082
34 1002 1053
132 1003 1210
34 1000 1094
39 1005 1104
34 1049 1151
47 1045 1185
32 1047 1103
147 1084 1440
55 1089 1225
42 1205 1304
56 1198 1294
32 1249 1316
54 1249 1361
42 1244 1348
132 1249 1520
30 1249 1321
58 1244 1376
35 1299 1366
57 1293 1398
53 1346 1488
42 1340 1461
52 1343 1496
56 1346 1457
47 1339 1443
32 1401 1455
54 1396 1546
42 1391 1487
47 1393 1517
44 1396 1478
59 1443 1535
47 1453 1578
59 1452 1612
42 1443 1518
51 1453 1574
147 1449 1888
37 1510 1612
36 1504 1609
51 1503 1647
82 1505 1644
49 1541 1662
55 1551 1644
40 1541 1665
38 1551 1609
32 1547 1618
48 1551 1617
120 1581 1760
53 1583 1739
40 1578 1672
39 1629 1740
120 1630 1979
42 1632 1740
30 1688 1730
138 1683 1999
126 1682 2022
52 1686 1801
43 1680 1768
47 1680 1790
50 1771 1895
33 1766 1824
58 1806 1923
129 1806 2137
38 1804 1870
40 1802 1922
33 1807 1884
39 1859 1962
39 1859 1966
52 1863 1996
45 1895 1984
47 1891 2011
126 1928 2228
34 1932 2028
51 1986 2102
49 1990 2117
43 1990 2088
35 1991 2084
37 1988 2097
59 2043 2191
138 2038 2286
44 2044 2156
49 2039 2126
35 2044 2101
47 2108 2214
36 2107 2181
47 2110 2247
147 2110 2355
55 2109 2254
123 2102 2364
47 2183 2268
42 2182 2293
40 2184 2284
41 2189 2249
44 2182 2267
33 2182 2236
36 2224 2313
30 2226 2272
35 2264 2337
45 2260 2394
44 2268 2396
32 2300 2370
58 2298 2407
132 2300 2640
48 2354 2493
45 2356 2471
120 2402 2664
90 2404 2535
59 2406 2512
120 2403 2616
52 2402 2550
47 2504 2625
54 2511 2637
47 2506 2639
56 2509 2653
86 2549 2775
53 2543 2680
34 2549 2614
34 2615 2668
45 2611 2701
88 2614 2813
32 2662 2741
33 2658 2710
138 2662 2992
45 2659 2733
37 2660 2716
54 2657 2769
36 2712 2763
34 2706 2807
32 2711 2789
59 2740 2856
38 2750 2846
50 2748 2839
38 2788 2879
34 2794 2866
94 2834 3084
88 2835 3068
56 2908 3035
53 2903 3055
54 2909 3031
94 2912 3085
36 2962 3019
55 2965 3061
43 2965 3052
126 2964 3314
51 2958 3043
55 3016 3165
49 3019 3110
51 3023 3159
50 3067 3194
49 3067 3152
43 3066 3132
41 3070 3158
37 3101 3159
44 3100 3205
59 3102 3206
147 3157 3524
59 3156 3245
40 3163 3229
35 3157 3234
49 3238 3349
44 3240 3360
44 3238 3355
135 3234 3642
48 3287 3401
42 3291 3366
51 3297 3438
49 3343 3457
49 3346 3447
52 3342 3454
51 3345 3431
52 3345 3428
36 3338 3419
45 3383 3446
