350
68 0 121
45 1 113
56 0 92
42 0 75
44 52 148
76 57 184
42 54 165
68 58 168
70 59 179
134 54 233
71 54 160
52 112 196
56 117 208
79 114 257
40 110 208
51 182 289
67 183 283
47 179 260
56 184 308
67 180 302
75 181 311
41 245 342
61 248 340
40 243 342
63 243 369
77 248 377
49 239 330
105 301 462
77 302 411
51 299 390
48 305 422
78 306 421
70 306 443
71 304 424
46 359 444
40 361 445
72 360 482
61 362 480
51 408 517
58 412 510
79 416 555
138 415 608
60 408 533
78 469 578
126 467 655
28 468 544
70 470 600
54 471 556
73 468 600
72 531 665
75 530 658
31 526 625
78 525 653
67 525 645
55 532 647
65 587 696
51 582 665
43 578 670
68 580 702
68 585 699
43 586 672
77 643 766
42 641 724
77 648 757
73 645 786
62 709 819
45 714 805
70 710 843
45 715 807
61 717 831
78 777 885
66 785 909
74 785 909
41 777 882
69 778 905
79 846 976
44 845 957
54 849 966
59 846 960
40 843 932
76 850 964
43 919 1010
48 919 1017
76 915 1037
40 914 1022
73 912 1038
51 912 1014
71 978 1090
62 984 1087
69 982 1101
55 977 1063
73 981 1111
72 1038 1146
44 1036 1142
154 1035 1222
75 1037 1174
69 1038 1139
73 1032 1166
64 1098 1222
46 1098 1209
55 1105 1227
62 1102 1200
56 1101 1198
17 1100 1183
66 1171 1291
67 1169 1291
69 1168 1268
55 1172 1261
79 1168 1286
58 1167 1290
77 1226 1364
44 1230 1309
72 1224 1343
41 1224 1325
47 1226 1337
118 1231 1381
60 1275 1383
15 1279 1352
78 1278 1422
50 1281 1372
61 1276 1375
52 1274 1368
42 1339 1438
74 1339 1453
65 1338 1435
37 1335 1405
75 1336 1476
56 1402 1502
44 1400 1512
48 1396 1486
72 1404 1515
60 1399 1514
77 1404 1516
37 1399 1472
42 1458 1536
47 1455 1567
56 1454 1548
71 1461 1563
57 1513 1607
72 1511 1614
76 1514 1623
71 1520 1626
66 1569 1666
65 1571 1675
69 1565 1678
46 1567 1647
69 1631 1744
72 1632 1756
56 1630 1734
68 1636 1747
56 1637 1742
65 1632 1747
69 1630 1735
128 1697 1862
52 1691 1782
42 1692 1797
51 1693 1799
72 1697 1827
59 1696 1813
77 1691 1828
64 1758 1853
92 1761 1885
78 1758 1871
47 1756 1836
62 1823 1938
44 1820 1900
76 1828 1934
58 1825 1938
51 1827 1930
64 1820 1944
53 1884 1988
73 1880 1988
22 1880 1947
57 1886 1974
69 1882 1992
78 1882 2003
59 1942 2038
47 1945 2034
62 1949 2064
59 1944 2037
62 1945 2073
45 1944 2041
57 2014 2116
47 2014 2097
65 2008 2120
73 2009 2136
40 2070 2178
55 2072 2158
70 2070 2173
49 2073 2174
117 2067 2236
76 2067 2179
30 2074 2173
65 2139 2265
40 2140 2245
78 2142 2286
49 2142 2233
76 2133 2278
78 2138 2258
75 2133 2271
61 2208 2312
49 2203 2307
47 2206 2289
63 2204 2336
77 2202 2318
78 2253 2387
66 2252 2383
129 2252 2412
43 2251 2355
45 2314 2417
56 2314 2428
59 2311 2428
49 2316 2401
40 2384 2492
79 2385 2499
62 2386 2514
45 2384 2466
50 2449 2539
78 2443 2566
46 2443 2535
78 2442 2574
56 2494 2598
50 2493 2583
47 2492 2598
56 2491 2606
90 2492 2636
54 2496 2605
52 2548 2655
87 2545 2673
58 2552 2667
45 2551 2641
24 2550 2638
68 2549 2669
41 2611 2714
149 2603 2811
63 2608 2706
50 2609 2720
55 2609 2713
78 2612 2720
65 2605 2730
153 2673 2865
65 2668 2767
47 2675 2786
40 2668 2753
64 2674 2807
69 2669 2803
74 2668 2806
78 2737 2884
42 2745 2818
45 2744 2830
52 2745 2831
79 2743 2862
79 2794 2938
41 2792 2871
79 2794 2918
40 2795 2869
63 2843 2968
75 2838 2949
165 2846 3061
31 2843 2926
43 2842 2942
64 2845 2972
64 2838 2968
60 2912 3019
41 2907 3000
44 2904 2983
58 2903 2991
75 2912 3039
55 2912 3025
70 2958 3091
44 2955 3064
43 2964 3061
70 2955 3092
63 2964 3076
63 3016 3110
44 3011 3090
68 3016 3135
71 3015 3141
43 3011 3088
54 3070 3193
41 3075 3161
66 3070 3204
62 3071 3163
52 3070 3186
61 3132 3230
53 3138 3243
47 3136 3219
78 3134 3246
47 3196 3297
60 3192 3298
47 3190 3274
77 3195 3302
67 3191 3290
73 3189 3326
17 3189 3258
79 3261 3381
69 3259 3389
61 3259 3371
56 3259 3356
66 3256 3391
46 3258 3358
46 3257 3346
61 3315 3412
47 3317 3420
115 3314 3491
74 3317 3460
40 3316 3417
65 3315 3429
77 3379 3486
53 3382 3471
50 3380 3492
72 3381 3498
54 3442 3556
47 3437 3527
73 3443 3582
67 3441 3540
68 3446 3554
62 3439 3545
41 3438 3534
40 3493 3597
51 3500 3611
48 3499 3597
45 3497 3602
66 3499 3624
74 3499 3618
77 3498 3643
123 3557 3734
78 3561 3697
49 3558 3670
62 3558 3685
48 3620 3730
42 3620 3710
91 3621 3776
74 3617 3723
48 3679 3765
45 3683 3786
75 3674 3818
72 3674 3783
64 3682 3799
49 3680 3774
67 3678 3789
60 3733 3859
78 3725 3833
71 3733 3847
69 3729 3866
32 3802 3896
51 3796 3893
51 3800 3885
41 3800 3883
46 3800 3908
