400
6 483 493
5 936 943
5 824 834
3 64 69
3 323 330
16 823 840
2 205 210
15 509 525
19 86 105
2 302 306
1 765 766
15 606 621
8 442 454
15 980 998
20 75 96
10 18 29
11 895 906
9 47 61
19 996 1020
8 180 189
2 83 90
10 598 611
4 70 78
13 529 544
6 697 706
13 44 60
16 144 160
1 105 107
2 434 436
14 277 295
16 440 460
16 276 296
3 472 475
16 985 1002
16 395 414
1 34 37
3 755 759
17 377 396
8 381 389
20 153 176
7 198 206
2 366 369
9 706 719
9 136 148
1 307 312
4 119 128
15 104 123
8 618 628
14 839 856
19 855 877
9 411 425
8 136 149
1 316 319
11 954 969
15 56 72
2 413 419
12 379 391
1 331 336
9 931 943
14 217 232
6 430 437
9 374 385
17 517 537
11 31 45
9 13 24
11 297 309
18 920 941
11 649 661
16 806 824
7 186 195
14 528 547
3 235 239
9 130 141
5 359 366
10 223 234
8 296 307
9 766 776
10 405 416
7 109 121
4 0 8
4 61 67
17 677 694
1 257 259
15 153 172
4 644 648
20 82 102
6 964 975
7 478 487
12 180 193
15 322 339
16 408 429
19 488 510
20 628 649
1 575 581
8 109 121
18 396 415
7 386 395
11 101 116
20 52 72
10 868 881
16 749 767
14 816 831
8 704 712
19 156 180
12 415 431
20 772 792
7 463 474
13 490 503
7 401 410
20 368 392
7 936 944
3 413 420
5 356 362
13 785 802
7 462 474
3 332 339
19 42 65
9 157 166
4 865 873
15 30 48
15 244 263
1 500 506
3 214 219
19 315 334
8 269 282
19 224 248
19 996 1020
15 424 441
10 622 635
15 185 203
16 238 254
12 2 16
3 756 761
2 354 358
15 359 375
17 492 513
16 144 165
4 393 400
15 791 806
11 615 628
1 439 440
10 607 618
8 183 196
11 461 475
4 464 468
9 557 567
20 1 25
15 461 476
3 413 419
20 249 273
15 748 764
19 740 764
9 235 245
1 574 577
8 250 259
15 149 169
15 180 198
11 133 147
19 742 761
18 100 120
11 57 70
1 169 171
9 429 441
10 870 884
16 806 826
13 958 973
11 885 897
6 485 492
8 281 289
19 194 216
5 241 249
14 422 436
11 81 94
19 105 125
8 222 235
6 797 806
18 734 753
7 334 346
16 377 398
18 832 855
10 129 141
5 184 190
17 868 889
18 428 446
18 800 818
17 311 332
3 70 73
5 463 473
11 362 375
12 511 528
1 384 385
17 620 639
3 748 755
1 712 716
10 84 95
18 398 417
18 926 948
7 322 332
3 971 977
18 555 573
17 324 346
11 229 240
18 26 46
1 315 316
8 326 339
5 440 450
4 1000 1007
3 647 655
20 13 38
1 469 472
16 713 733
13 707 720
8 172 183
18 169 192
14 480 499
15 753 772
11 788 802
4 231 236
14 750 768
6 747 756
20 99 123
5 373 382
2 724 731
2 502 505
1 369 371
1 532 534
14 803 819
6 531 540
12 415 429
16 26 43
5 216 226
10 139 152
5 329 339
9 258 270
18 335 355
7 229 236
11 313 327
15 596 614
9 341 355
9 982 992
10 478 493
2 801 807
5 388 398
4 236 241
3 185 192
17 259 276
9 495 509
17 978 1000
3 217 220
4 766 775
1 280 284
11 224 240
19 361 383
11 421 433
7 541 549
16 265 286
2 461 464
13 36 54
18 558 580
5 575 582
3 180 186
4 957 961
1 202 208
17 35 57
7 71 80
11 355 367
17 78 97
5 400 406
10 401 412
11 611 623
10 350 362
8 343 352
9 213 226
9 747 759
7 423 431
20 98 122
1 382 386
15 549 565
20 140 162
8 58 69
14 274 292
8 212 223
20 360 382
16 493 514
16 309 329
9 380 390
6 468 476
20 385 406
11 865 881
7 225 232
17 927 948
1 924 928
3 547 552
3 117 120
9 253 262
10 112 125
17 499 517
3 390 397
3 363 366
4 613 617
1 661 665
17 475 492
11 872 888
13 278 295
6 178 187
18 475 495
9 86 97
8 483 494
9 154 165
4 453 461
12 198 210
15 384 403
7 381 392
4 715 722
9 568 581
17 219 239
14 63 80
8 930 941
16 164 182
3 563 570
5 256 266
17 831 849
6 415 421
5 314 324
19 200 219
12 3 15
6 193 202
4 764 768
11 146 158
4 620 627
12 526 543
13 219 237
14 309 328
3 141 147
14 0 14
15 677 695
11 253 264
9 229 243
4 297 305
11 52 68
4 125 129
17 269 287
3 123 130
13 69 87
5 468 475
3 120 126
15 864 882
20 487 508
10 208 218
20 980 1000
8 447 455
6 667 674
17 483 500
15 20 37
12 370 384
5 105 112
20 484 508
18 999 1019
1 355 358
11 212 223
17 271 293
15 535 553
13 329 345
7 450 461
16 552 570
2 441 447
10 246 256
11 68 79
17 286 305
6 602 612
2 904 910
9 178 191
18 623 642
17 354 371
12 994 1010
8 903 915
18 444 463
7 222 229
10 387 402
2 783 786
17 385 404
9 186 198
14 285 303
15 269 284
14 992 1007
16 163 182
8 350 360
5 926 935
5 428 438
5 838 847
16 224 244
20 159 182
4 60 64
18 14 37
17 982 1004
12 320 332
13 220 237
8 525 537
17 279 296
12 674 689
