250
11 0 11
16 0 16
17 0 17
1 0 1
4 1 5
13 1 15
10 2 13
12 3 15
4 5 9
9 6 15
15 7 25
6 10 16
1 11 12
8 12 21
17 14 33
7 15 23
6 20 26
7 22 30
13 22 35
11 24 36
13 24 37
2 27 29
14 27 41
6 27 33
10 28 40
17 29 47
1 29 30
15 30 48
3 34 37
15 35 51
10 35 45
4 35 39
3 39 42
3 41 44
8 42 50
19 42 62
15 45 60
15 46 62
14 46 62
18 51 70
13 53 67
14 55 69
6 56 63
2 59 61
6 61 67
7 61 69
4 62 66
15 64 82
2 66 68
19 67 87
19 68 90
12 68 82
1 71 72
7 72 79
18 72 92
16 74 90
14 75 90
5 76 81
4 78 82
17 79 98
9 79 88
18 80 102
4 82 86
13 83 96
19 84 106
10 89 101
9 89 98
9 91 100
12 92 104
3 96 99
9 98 108
7 99 107
3 100 103
6 102 108
4 102 106
16 103 122
1 104 105
1 104 105
5 105 110
6 105 112
2 106 108
3 107 110
11 109 120
4 110 114
17 110 128
16 112 130
14 113 128
7 115 122
2 119 121
1 119 120
7 120 127
19 120 142
5 124 130
3 125 128
17 126 145
14 126 142
7 127 135
13 128 142
12 132 144
17 134 153
8 137 145
18 138 160
11 140 153
19 144 163
15 148 166
18 151 169
5 151 156
16 156 172
2 159 161
13 160 176
12 161 173
4 168 172
12 168 181
17 168 188
17 170 187
5 173 178
18 174 195
17 175 192
1 175 176
17 176 194
3 178 181
17 179 199
5 181 186
10 181 193
2 183 185
2 184 186
2 185 187
19 186 206
3 186 189
14 186 203
17 187 206
11 190 202
17 195 213
19 195 215
18 197 217
17 199 219
14 207 223
19 208 228
3 212 215
14 213 228
13 214 228
16 215 233
12 222 235
3 222 225
5 223 228
14 225 241
11 225 237
15 226 242
12 229 243
7 232 239
10 233 243
1 234 235
2 235 237
2 236 238
16 236 255
16 237 256
5 238 243
1 241 242
19 242 261
1 243 244
7 244 252
5 246 251
14 246 260
18 246 266
18 250 271
1 252 253
19 253 275
15 255 270
14 258 273
4 260 264
17 261 278
10 261 271
5 262 267
15 266 283
19 268 291
16 271 287
19 272 293
19 279 301
16 280 298
8 282 291
3 285 288
15 286 303
15 289 304
8 290 298
5 291 297
13 292 308
18 293 314
9 295 305
18 295 313
3 298 301
7 299 307
16 300 319
16 306 324
18 307 325
19 309 330
13 309 323
12 312 325
18 315 333
13 316 329
5 319 324
6 322 328
3 323 326
1 323 324
10 324 336
9 324 333
4 324 328
12 326 339
3 327 330
4 329 333
17 332 350
18 333 354
1 334 335
5 335 340
19 336 356
7 339 347
14 344 359
17 345 364
10 346 356
14 348 364
6 350 357
9 353 363
13 354 369
15 355 371
9 358 367
3 360 363
4 362 366
12 362 374
7 364 371
2 367 369
15 367 383
5 368 373
8 368 376
17 371 389
4 373 377
2 382 384
13 382 395
19 384 403
4 386 390
19 388 410
8 395 403
9 398 407
5 401 406
16 402 418
5 405 410
12 407 420
4 408 412
10 411 423
4 418 422
17 419 437
5 429 435
