350
3435 1083 6453
785 2872 4849
3256 2713 8939
1256 774 2752
1222 2751 4917
3477 2220 6773
2550 2981 7419
2782 2819 8324
1826 2595 5259
900 3194 6125
3171 2066 7522
3157 679 5897
1207 2431 6150
1380 2489 4684
1629 2295 4989
2365 8 3714
64 223 752
2098 3117 7739
668 1103 5041
1543 2401 6982
963 1913 2912
1468 3 4650
2677 3176 7115
328 1593 5225
1095 3241 4482
105 2461 2895
42 3079 5515
657 3054 4236
590 1644 4542
868 2173 3713
411 1764 3889
1408 2739 5139
427 2129 4609
2184 3431 8220
3053 689 6222
1857 1725 4059
762 3298 5657
786 539 2953
1088 697 4782
500 990 1739
2839 409 4647
1736 2929 5259
641 2217 5107
3443 2286 7513
382 1625 2451
327 66 847
2560 541 4339
1436 3097 5025
1833 2646 7060
1964 2633 4979
736 1594 4295
1127 667 2847
344 1227 3128
2693 1764 7787
1240 2547 4028
1297 3347 7552
739 1764 3862
1714 992 6087
2921 1854 7530
1670 1902 6518
1730 2478 4613
2594 1155 4253
2486 2298 7149
2290 1307 6178
2139 569 3987
1929 2076 6199
2703 1864 5925
1887 529 4194
1151 1825 6197
2554 2277 6983
1032 3044 4770
3358 933 6454
1923 2905 6455
1381 2795 5589
2326 1762 5486
2346 2609 6906
1974 1051 4922
2310 1396 4555
1484 438 3993
1091 1563 4568
1542 3198 5952
2307 1722 6494
1223 1190 3122
2641 2950 6322
517 255 3107
1741 2964 6203
2458 2070 7550
2638 3186 7742
2744 960 5759
388 151 2764
1660 948 5902
1277 1731 6029
3157 3394 8709
756 1584 3329
534 1946 3719
2280 2340 7725
1857 1214 3875
1761 2709 7177
1593 1022 3206
2160 658 5189
1525 1475 3493
1397 2458 7108
3243 2550 8533
786 303 1926
334 2738 5036
315 2127 2853
1934 498 3357
1405 803 5283
1831 1572 3519
385 0 791
511 1847 3322
298 1329 3540
2262 2384 5112
33 90 1412
1920 716 3994
2833 1515 4458
3448 1939 5685
2152 807 5737
1029 2140 5644
1104 2694 6752
2012 649 5578
1748 2260 6299
263 3149 6522
2039 974 3714
2959 1361 5146
2026 1325 6842
1067 1801 5186
2377 315 4882
2441 479 4114
82 809 2151
661 243 2858
2833 2033 5136
1714 3190 5485
3127 1456 5639
2976 1624 4992
2577 3178 6121
2433 1716 4971
1006 860 5303
1569 2543 6397
707 3356 6358
2649 2901 8269
3228 104 4885
3123 2212 5895
417 65 3596
2645 929 6516
489 1889 3277
822 769 2357
2596 1659 6395
408 2927 6071
1055 1116 3494
1950 3439 6710
148 3317 3929
1922 1974 6751
3022 1105 6035
1277 2166 4135
713 109 3698
3360 48 5659
1741 2133 6814
2976 1916 6210
1532 1609 5887
1146 831 4546
3225 3380 7815
1274 3171 5552
3392 3315 8986
362 2738 6063
243 845 3620
3287 2176 6496
1269 2469 4024
581 1861 3931
339 2222 4625
165 1702 3625
1597 2427 5011
2852 560 5584
890 636 4452
3022 718 3765
3411 1750 6580
2686 3465 9458
2215 2471 6069
2279 1021 6433
892 596 4739
3384 1470 5578
1098 464 3220
1468 1927 4711
3321 3141 9798
1194 1482 4510
2024 2383 7554
3275 1811 6834
701 2768 6599
2735 699 4703
2270 1048 6722
647 1692 4961
809 3173 6127
317 1720 3382
2360 2531 5175
1340 1217 2838
1080 2847 5865
1511 3208 5015
746 2069 5112
1928 339 2760
1714 1592 5871
3314 1469 8268
2255 3219 7721
975 2239 5420
1193 667 2356
1005 538 3843
2848 2687 8873
2032 2676 5597
1699 851 5877
199 1021 1679
2375 35 2607
279 2909 4789
2251 455 5746
1429 22 4020
1299 2606 4567
2183 1737 6369
2238 1219 6221
516 2018 5832
982 663 1769
3097 934 6936
1548 2626 6826
2883 3193 6759
75 2702 3723
2088 3043 8037
195 3496 5491
2175 3080 8695
3313 1494 6249
3162 3027 9154
1021 744 3502
2551 1809 6180
908 548 2416
154 2961 4583
3468 1591 7095
493 1063 2365
2752 698 6158
3300 1645 7475
17 1883 4189
236 3433 7150
1868 842 3709
3156 425 7038
1573 120 2460
1900 3310 7824
34 2973 4929
1179 1611 5808
2791 1030 4044
323 1149 1757
1110 2538 3869
3471 3256 7542
1134 937 4127
2640 3120 8248
1481 2786 5609
1018 1724 4439
1237 1317 3238
408 263 1422
1434 2743 4823
3105 2783 9257
2824 2885 6845
1999 250 2308
1361 2666 4817
893 429 4608
2358 2058 6867
1932 2390 4566
506 1036 2870
939 2048 5162
3329 3435 9185
481 1539 2444
1335 2756 5521
1035 173 1615
3456 805 4831
408 1211 2092
649 416 1587
1166 105 3543
1129 200 4230
1869 1509 4921
1883 1983 6550
3134 854 4884
382 2528 5146
3442 2463 7051
3443 1692 8188
2143 1024 3209
1845 159 2952
749 1103 2913
2498 3363 8751
2611 2793 8770
1004 1874 4409
1880 1623 5328
279 1271 4578
52 346 398
2336 1058 5791
1396 509 2353
739 2329 6499
1290 1922 6057
2919 994 4794
3109 1763 5245
1761 90 3083
1482 519 3554
2608 2597 6523
920 2705 6003
2497 1398 4238
1399 841 3985
2514 5 3563
2679 680 6676
1328 3177 7717
1749 813 4130
1851 1385 5818
1467 2698 7634
1027 152 2115
2735 2198 5718
593 896 2434
506 1302 4759
1134 876 2887
341 12 2076
570 2062 4113
1 534 3304
1907 1267 6066
3087 3018 8278
2285 979 5631
801 364 1894
3025 2719 8829
2870 1293 6757
2232 2513 7867
1713 2109 7239
1976 186 2874
3363 883 5520
1247 2486 7188
1130 1974 6310
2405 2072 4934
3348 1961 5879
3128 1548 5679
2255 1904 6254
1086 750 2985
1985 799 3663
1936 136 4720
2005 3476 7626
2778 2178 8386
1705 1941 5578
2645 2596 7710
770 1844 6043
44 2734 5527
2179 652 5117
1410 2015 5764
3046 758 4279
239 2193 2671
749 3480 6035
976 3341 6913
969 1852 4164
519 2772 4412
1025 1576 5857
2689 3097 7324
1462 2535 7202
590 1663 3578
