450
12 0 12
2 0 2
10 0 10
9 0 9
17 1 21
12 1 15
1 4 5
3 5 8
3 6 9
5 8 13
18 9 27
10 10 20
19 10 31
17 13 33
16 13 29
11 13 25
12 15 28
7 22 29
2 24 26
6 25 32
2 25 27
1 26 27
15 26 42
17 27 45
13 27 40
10 28 39
8 30 39
14 33 47
12 34 48
1 35 36
12 36 48
6 37 44
12 39 52
11 40 51
7 41 49
12 44 57
5 44 49
4 48 52
12 49 61
11 49 61
3 49 52
3 52 55
3 54 57
19 54 74
15 57 72
6 57 63
10 57 68
11 60 73
13 63 76
4 67 71
19 67 89
14 69 84
9 72 82
5 76 81
1 76 77
15 77 94
19 77 98
6 80 87
9 81 91
15 82 98
18 84 104
12 84 97
18 91 110
5 91 96
7 94 101
14 96 110
19 101 123
4 103 107
18 105 124
7 107 114
18 109 127
17 111 130
8 113 121
1 115 116
5 115 120
11 116 127
6 116 122
19 117 140
15 120 136
19 121 143
18 122 142
18 123 141
9 124 134
6 124 130
11 125 136
13 126 139
11 127 138
2 127 129
9 128 137
8 129 138
3 130 133
3 132 135
8 132 141
19 134 154
13 135 150
17 136 155
11 136 148
12 138 150
11 145 156
19 148 169
9 150 161
9 151 160
15 154 170
4 158 162
19 158 178
16 159 178
9 160 170
12 163 175
17 167 185
4 170 174
8 171 179
1 172 173
19 173 192
11 176 189
17 178 198
2 179 181
16 180 199
4 182 186
1 183 184
11 184 197
12 188 202
15 188 206
4 190 194
12 194 208
17 195 213
8 195 204
8 199 207
10 201 211
8 203 211
1 204 205
13 205 220
15 205 223
6 206 212
7 210 217
8 211 219
8 212 220
19 213 234
3 214 217
4 215 219
5 218 224
13 219 232
1 222 223
16 223 241
17 223 242
10 228 240
14 231 246
15 234 251
18 235 256
9 235 245
19 238 260
16 239 258
3 244 247
13 245 259
11 248 260
10 250 260
1 250 251
13 251 266
3 254 257
14 255 270
10 255 267
9 256 265
16 259 277
10 260 272
18 262 281
1 263 264
9 264 273
1 267 268
17 267 284
15 268 283
11 269 280
18 270 289
16 272 291
12 276 288
15 282 299
4 286 290
7 286 294
2 288 290
19 288 308
6 290 296
10 291 302
14 291 305
9 292 303
13 293 306
2 299 301
1 299 300
9 300 310
15 300 316
9 302 312
13 306 319
15 306 323
12 307 321
17 310 329
6 311 318
2 313 315
18 313 331
6 314 321
17 317 337
1 318 319
1 319 320
14 320 335
15 321 339
17 325 343
2 328 330
11 328 340
8 328 337
9 330 339
18 330 350
19 332 355
7 337 345
13 339 352
16 339 355
17 339 358
9 339 348
17 342 361
12 342 354
7 345 352
8 346 354
10 346 357
8 350 358
14 351 367
4 352 356
1 353 354
19 354 375
11 354 367
18 354 375
15 356 371
1 358 359
7 359 366
6 363 370
5 364 369
5 366 372
19 367 388
19 370 392
17 372 393
14 372 387
13 379 393
18 379 399
13 383 398
7 384 391
12 387 401
2 388 390
7 390 398
14 391 406
18 391 411
17 392 409
16 395 412
19 402 421
5 407 412
9 407 417
12 409 422
9 410 419
5 411 416
2 413 415
1 415 416
5 416 422
12 416 430
5 417 422
16 419 438
2 421 423
7 422 429
13 422 435
6 423 429
1 423 424
15 424 440
13 425 439
10 426 437
15 430 446
3 431 434
14 431 445
16 432 448
18 432 451
19 436 459
6 438 444
5 439 444
4 440 444
7 441 449
11 442 453
13 444 458
2 445 447
16 445 462
12 446 460
12 448 462
19 450 469
12 450 464
7 451 458
5 452 457
18 453 473
10 454 465
12 455 467
2 457 459
4 459 463
16 459 475
12 459 472
15 461 478
3 461 464
16 464 481
16 467 484
8 468 476
14 471 485
16 472 488
15 475 490
6 476 483
6 479 485
19 480 501
19 480 500
15 484 501
1 486 487
15 487 504
6 488 495
1 494 495
3 495 498
11 497 509
13 497 512
9 497 506
7 498 505
2 499 501
6 501 507
6 503 510
2 503 505
16 504 520
6 505 512
18 506 525
11 506 518
14 508 523
18 509 531
11 514 526
12 515 528
3 518 521
7 519 526
1 520 521
15 520 537
6 521 528
12 522 534
2 524 526
14 525 541
13 525 538
1 526 527
16 526 544
18 527 546
1 531 532
1 531 532
10 532 544
18 532 553
17 534 552
9 540 549
2 543 545
10 544 555
3 545 548
12 546 559
3 547 550
11 549 560
8 549 557
4 550 554
3 551 554
2 553 555
9 554 564
2 555 557
11 556 568
2 557 559
14 557 573
19 558 578
18 559 580
8 563 571
2 565 567
3 567 570
11 569 581
6 569 575
16 570 589
13 574 588
9 575 584
10 578 590
3 578 581
12 579 593
8 580 588
12 586 598
12 587 599
4 588 592
17 589 607
19 592 611
5 593 598
18 594 615
17 595 616
1 597 598
9 598 607
6 598 604
9 599 609
17 604 621
12 604 616
18 607 627
12 612 625
10 613 625
9 615 625
8 616 624
11 619 632
18 623 642
14 623 637
10 623 635
5 628 633
13 630 643
17 631 651
16 631 648
5 634 639
18 634 655
7 637 644
18 639 660
4 641 645
1 641 642
19 641 662
4 642 646
6 643 649
18 644 662
1 644 645
3 645 648
5 647 652
9 647 656
3 649 652
14 649 663
1 650 651
7 651 659
15 653 668
8 654 662
4 659 663
11 659 672
4 660 664
3 661 664
4 662 666
19 662 682
16 664 682
14 665 679
1 670 671
13 671 684
13 671 685
14 672 687
6 674 680
12 676 690
16 677 693
12 679 691
10 681 691
1 688 689
7 688 696
18 689 708
13 691 704
3 695 698
9 704 714
3 707 710
18 709 727
14 720 734
17 722 741
3 735 738
6 738 744
