200
41 0 71
55 0 98
57 0 93
79 1 149
67 0 105
47 61 139
77 55 168
52 59 168
46 57 147
76 54 198
51 55 154
70 119 224
73 112 227
47 116 204
43 113 222
66 180 302
59 177 285
77 176 306
70 177 293
74 246 384
78 238 350
49 245 347
61 237 334
70 295 407
54 304 404
56 300 407
52 295 380
59 349 471
64 356 486
131 353 538
51 349 450
76 416 541
42 421 505
54 422 539
58 419 531
72 418 549
41 415 496
59 480 578
55 480 604
129 474 664
52 473 576
62 474 578
73 477 598
45 543 656
51 538 653
58 544 650
75 540 677
64 545 639
56 537 642
53 605 713
151 603 816
53 606 720
55 605 709
56 599 689
67 605 736
57 655 769
54 652 757
64 649 779
54 652 739
72 720 846
77 722 832
109 722 880
60 721 827
58 717 843
53 784 879
42 785 877
76 789 904
87 785 918
52 786 905
55 844 954
48 852 954
66 848 963
47 845 926
63 843 965
51 898 1012
71 896 1014
67 899 1017
72 905 1025
41 898 1001
67 901 1029
114 955 1104
78 959 1071
63 956 1071
74 961 1072
54 961 1074
63 955 1079
57 956 1081
57 1019 1128
53 1017 1121
118 1016 1166
75 1022 1146
55 1023 1113
77 1072 1185
71 1072 1196
20 1080 1167
50 1074 1188
22 1079 1158
137 1077 1280
43 1146 1224
50 1148 1253
56 1142 1229
47 1150 1227
78 1149 1265
75 1206 1337
54 1202 1289
74 1200 1310
57 1201 1323
41 1201 1307
52 1205 1289
61 1253 1381
69 1257 1359
52 1252 1335
49 1258 1341
75 1252 1389
79 1318 1431
62 1322 1433
50 1321 1435
65 1326 1431
60 1318 1416
45 1318 1398
56 1321 1411
64 1380 1487
48 1380 1466
49 1382 1497
49 1383 1495
77 1380 1496
65 1446 1561
44 1449 1533
72 1443 1556
54 1442 1551
60 1440 1559
54 1449 1554
62 1505 1603
43 1512 1623
68 1504 1629
43 1510 1622
46 1567 1678
64 1567 1671
75 1571 1685
55 1562 1682
48 1639 1751
51 1636 1740
54 1633 1726
79 1634 1764
62 1639 1742
69 1630 1751
71 1685 1823
70 1691 1819
89 1683 1823
62 1688 1792
55 1688 1790
51 1690 1789
63 1685 1799
67 1740 1837
76 1741 1865
43 1737 1845
58 1743 1831
84 1743 1887
60 1737 1849
48 1740 1844
76 1790 1922
67 1789 1886
69 1789 1911
72 1796 1898
48 1791 1906
69 1793 1901
42 1846 1952
77 1850 1978
60 1851 1947
51 1845 1927
69 1846 1982
69 1848 1954
63 1899 1998
57 1896 1989
78 1896 2007
53 1898 1988
40 1904 1977
57 1965 2069
49 1966 2074
59 1963 2066
40 1968 2070
54 1967 2057
69 1965 2080
57 2031 2155
46 2031 2141
50 2025 2130
65 2023 2129
74 2030 2168
79 2029 2138
69 2091 2209
74 2090 2223
59 2086 2180
58 2088 2203
62 2089 2212
78 2145 2284
65 2146 2278
75 2137 2245
71 2140 2275
41 2141 2227
71 2140 2270
