350
2 2 10
3 3 13
2 3 15
1 5 6
7 3 14
3 3 6
1 6 12
2 5 8
8 6 23
3 0 9
8 4 13
1 4 14
1 2 9
4 8 17
7 7 16
1 6 11
4 9 23
5 9 21
8 6 24
6 9 19
7 10 22
1 3 5
7 5 19
8 10 18
5 5 14
3 5 18
2 8 19
4 5 10
4 9 19
8 7 25
7 6 21
3 6 16
1 3 12
5 8 14
8 13 21
6 3 9
1 10 19
4 12 16
3 12 20
7 5 12
7 11 23
5 8 23
7 15 27
4 6 12
5 6 13
7 6 21
3 11 16
8 16 31
1 8 18
2 15 27
6 13 26
7 12 23
5 17 25
7 15 28
3 9 22
3 14 19
1 19 25
7 17 33
1 10 16
3 19 31
1 15 20
2 16 18
6 17 32
2 13 16
5 15 30
5 21 36
2 19 22
3 18 26
7 13 29
2 22 24
4 17 22
3 21 26
4 14 24
2 16 27
3 15 21
8 15 29
3 21 26
5 14 24
7 14 21
1 16 24
5 18 32
1 21 30
2 23 33
1 18 28
5 20 33
4 17 22
1 18 19
4 17 28
2 26 31
7 23 30
7 27 38
1 23 33
4 25 38
7 24 35
3 22 35
4 24 37
6 22 30
7 24 35
1 24 27
3 25 35
5 28 33
3 21 29
1 20 21
5 29 41
2 28 36
3 23 29
5 30 38
2 21 24
6 30 40
2 26 37
8 30 46
2 25 35
6 27 36
8 29 41
7 24 35
6 31 41
1 33 38
1 26 37
6 29 43
7 27 40
1 28 38
7 32 45
5 25 40
8 33 44
2 32 39
3 35 44
1 29 30
1 28 36
5 28 36
2 27 34
7 30 42
5 30 42
7 35 48
8 32 48
5 38 50
1 28 39
3 31 43
6 37 46
2 35 38
4 34 38
3 37 40
1 40 47
1 32 33
6 38 48
8 37 53
3 35 43
4 41 46
3 33 42
5 40 51
6 39 48
6 34 42
8 41 56
8 40 57
3 43 50
6 40 47
8 33 45
7 34 49
1 41 52
4 37 41
5 41 50
4 35 43
1 44 45
2 35 42
4 43 47
2 44 56
4 39 46
2 46 52
6 40 49
8 42 50
1 37 38
7 37 51
2 41 53
5 48 58
8 41 49
6 44 58
2 43 50
5 46 56
6 43 57
1 48 50
6 49 59
4 44 50
6 50 62
2 40 47
4 48 56
4 50 64
8 50 68
5 42 48
4 42 54
7 45 56
2 51 58
1 47 55
2 46 53
2 45 55
2 43 48
8 49 57
1 48 54
6 53 66
3 45 49
6 50 60
7 48 55
5 47 59
7 46 54
1 47 51
4 50 57
5 52 65
8 47 60
6 56 63
1 50 59
2 57 62
7 47 55
7 52 69
3 55 61
5 49 54
6 55 65
6 54 67
2 50 62
4 51 58
3 59 63
2 53 56
2 59 65
2 52 64
2 56 67
3 55 61
4 53 63
5 61 70
3 55 59
5 60 74
8 58 72
3 58 67
6 53 69
5 58 64
4 62 70
1 54 56
5 58 64
7 54 69
2 61 64
2 64 68
4 57 65
2 55 57
7 58 73
4 65 77
8 58 70
1 60 71
2 62 74
3 62 67
7 65 72
3 65 78
7 58 72
6 58 68
5 59 67
5 62 70
3 57 66
4 59 72
7 65 73
2 61 65
4 58 65
8 61 75
4 59 68
5 61 75
8 59 67
4 63 68
7 61 76
3 62 73
7 66 80
1 66 74
4 68 75
5 71 81
7 68 82
6 70 79
7 67 75
4 72 76
4 66 77
1 70 80
2 64 67
3 69 77
7 72 89
8 68 81
1 65 67
6 72 87
8 74 83
5 72 80
5 74 88
7 68 79
2 65 72
6 75 82
6 76 86
4 73 80
1 73 81
8 73 83
5 68 82
7 71 85
6 77 88
4 75 80
3 69 75
6 71 85
2 72 74
7 74 84
2 70 82
2 73 85
8 69 81
6 70 81
5 80 91
6 77 88
5 76 91
8 71 83
8 80 88
7 74 90
7 74 82
3 77 80
5 78 87
8 72 82
8 79 87
8 77 87
3 74 82
7 76 87
8 75 91
8 78 87
3 78 89
4 84 88
8 80 88
5 84 96
3 79 89
7 77 94
3 75 81
7 79 94
8 79 96
8 81 99
4 77 82
5 86 92
1 83 88
4 84 91
3 77 83
6 85 99
8 80 94
7 83 91
4 86 95
4 85 98
3 81 91
6 83 95
5 86 93
5 86 97
7 88 101
4 89 99
7 90 104
8 85 102
8 82 100
1 82 89
1 91 98
1 90 92
4 84 90
