300
10 310 322
13 317 338
12 32 47
16 334 355
15 486 504
20 573 596
11 154 168
20 187 213
6 368 383
1 511 519
1 213 223
17 117 144
15 292 311
14 234 251
3 587 597
18 14 37
10 224 244
15 41 63
9 421 430
2 438 443
15 104 119
18 88 111
3 324 330
8 281 289
12 16 35
16 477 493
14 318 337
12 224 245
10 233 248
2 458 463
11 72 87
4 281 292
12 402 421
16 586 612
17 563 583
7 275 284
13 128 149
8 517 525
4 94 100
13 357 374
18 441 465
5 150 158
4 566 575
7 76 87
3 421 431
19 106 128
3 150 161
9 198 213
4 508 516
8 465 474
6 96 105
2 268 271
14 344 368
2 149 156
2 542 544
10 267 287
20 55 84
14 164 188
3 230 234
7 179 196
9 65 83
11 44 55
16 521 541
12 498 518
19 182 202
1 311 322
2 404 409
19 110 139
16 140 156
18 512 536
14 590 604
7 78 95
11 357 377
18 357 377
8 326 336
1 248 259
1 440 442
16 37 56
10 299 314
12 360 382
1 132 143
17 309 335
4 388 397
6 289 298
16 459 480
4 158 166
11 582 599
1 60 67
11 284 300
16 540 561
8 309 320
5 361 368
17 238 262
18 482 504
18 480 505
2 350 362
16 213 238
16 222 239
9 155 164
7 57 74
4 155 159
10 551 571
20 20 47
20 568 595
7 526 543
6 492 503
8 210 228
10 185 203
18 153 175
1 582 583
12 559 571
15 112 130
20 284 311
8 559 577
13 74 94
13 555 578
7 441 449
16 134 154
17 361 385
15 355 379
18 213 233
11 262 273
12 22 39
1 572 582
8 332 344
6 505 520
10 100 120
5 197 202
4 170 174
19 55 82
3 167 171
8 274 291
14 440 458
2 563 571
20 4 30
14 25 40
15 124 146
14 563 578
13 70 86
12 521 540
8 58 67
20 568 594
11 83 94
5 16 30
6 511 519
4 350 363
16 150 171
20 524 546
7 407 421
4 590 598
20 104 131
15 573 591
9 15 32
12 389 403
6 312 318
5 186 201
15 404 420
12 180 197
18 148 171
7 534 543
4 123 137
17 520 539
15 339 362
15 16 41
19 31 54
12 360 381
15 381 403
11 506 520
17 573 597
9 530 547
15 76 99
10 379 398
15 17 35
2 566 570
15 572 592
2 43 55
2 434 443
16 507 532
8 439 449
12 462 481
4 6 10
12 128 141
18 251 277
15 424 445
4 404 415
15 576 598
13 370 393
11 419 439
6 554 567
5 5 17
3 529 541
1 84 89
7 533 541
10 12 32
2 284 295
9 471 486
8 233 245
13 82 103
16 10 32
8 149 166
13 399 421
6 488 504
10 339 357
14 123 140
8 327 341
7 212 221
10 402 418
9 177 193
12 6 24
20 46 68
16 115 135
17 222 243
17 421 447
4 489 497
17 28 47
9 26 43
3 9 20
16 422 442
19 334 358
11 332 350
6 309 317
9 364 375
6 592 608
5 261 273
8 324 341
1 417 426
10 397 415
18 34 54
15 458 476
13 145 167
11 564 580
1 571 572
5 521 532
5 286 295
12 585 603
15 288 308
1 255 258
18 407 434
9 77 87
14 559 582
11 361 375
8 183 199
11 543 554
9 333 350
11 549 567
6 15 27
19 37 56
2 168 176
18 330 349
16 149 173
15 158 176
13 125 140
17 277 304
11 87 102
12 313 327
1 426 431
9 487 498
3 165 172
20 206 226
19 125 152
5 547 560
17 34 56
15 54 70
18 322 341
5 4 14
20 566 596
20 489 513
19 473 494
6 133 149
19 285 309
3 87 91
18 284 306
17 203 230
17 78 102
20 128 153
1 125 128
15 78 95
4 457 464
10 437 456
8 407 416
2 257 259
8 410 423
3 68 81
5 410 415
2 322 332
14 168 190
19 242 263
3 552 563
5 313 322
7 225 234
17 125 151
14 29 44
15 556 577
12 573 592
1 538 548
9 544 553
7 362 378
6 503 513
6 9 23
16 44 60
