350
19 670 694
10 321 332
11 341 356
11 9 21
19 342 370
13 508 524
16 572 597
18 648 671
19 100 124
15 698 714
16 290 314
17 711 733
11 373 391
19 375 397
18 784 803
12 612 629
18 272 298
12 170 188
18 113 138
18 71 91
13 384 399
20 198 224
19 629 649
13 777 793
16 633 652
18 705 730
11 825 845
19 419 440
15 579 601
16 215 236
16 134 157
13 684 706
12 210 230
20 833 860
10 643 661
12 444 458
17 135 159
12 730 750
18 777 798
16 53 70
11 397 411
14 348 368
11 513 527
12 758 775
14 811 831
12 623 638
11 452 472
10 35 47
13 857 879
13 555 570
16 148 167
14 570 585
12 78 95
17 563 581
14 158 178
19 163 184
18 164 183
13 56 77
16 57 82
15 684 708
16 368 386
13 674 690
15 221 241
20 613 638
12 119 139
13 17 37
16 451 476
18 192 216
10 161 177
13 303 325
11 736 748
19 742 762
18 714 734
13 729 748
20 401 425
11 784 796
10 509 520
20 129 154
14 589 606
20 255 277
17 852 872
10 832 846
20 521 547
10 11 26
10 349 362
13 839 860
10 701 712
20 712 738
12 256 275
10 352 366
15 597 621
19 618 645
20 742 767
10 619 632
20 159 181
14 753 771
18 289 311
13 69 85
10 452 468
13 356 371
19 500 526
10 496 507
17 744 765
19 789 814
11 659 673
19 451 475
10 120 132
12 699 720
18 8 27
11 586 604
15 407 427
20 67 92
14 650 672
16 849 874
16 126 145
16 399 424
18 577 600
14 162 181
17 708 731
20 646 671
10 736 750
15 434 455
12 839 857
12 852 871
18 276 296
13 529 547
11 635 654
20 791 814
12 348 368
10 807 826
18 427 446
14 477 500
13 221 239
11 652 668
12 94 108
18 475 502
10 286 304
18 856 882
20 628 651
17 295 321
20 161 187
12 866 884
14 637 657
18 29 54
10 787 803
18 142 162
14 401 424
18 384 405
17 270 289
17 155 178
14 278 299
18 453 472
12 37 56
15 370 391
10 639 651
13 530 549
19 384 405
17 537 561
12 587 602
19 301 322
16 38 57
16 78 99
10 121 138
15 682 702
15 342 362
10 228 244
18 8 35
15 503 526
20 704 729
14 748 770
10 253 267
15 784 805
13 669 685
19 241 269
15 503 525
15 143 162
16 794 812
10 211 227
17 702 722
17 142 166
20 278 304
11 325 345
15 494 517
13 50 71
17 431 457
16 140 165
15 592 609
19 446 469
17 228 250
18 363 385
16 326 347
11 105 121
15 14 33
17 594 619
12 331 346
16 211 235
15 316 335
18 331 358
12 675 693
19 755 778
11 331 351
18 620 645
17 299 318
12 578 597
10 677 693
10 478 495
18 28 50
13 361 382
16 618 637
14 24 44
16 465 482
19 545 567
20 695 720
16 824 848
15 267 284
17 823 842
12 528 547
12 444 460
11 157 169
19 138 162
18 773 798
16 730 751
15 335 353
12 289 306
18 713 738
19 525 550
12 445 464
17 3 27
19 121 145
17 11 37
14 659 682
10 497 512
18 142 169
11 354 374
10 607 623
18 267 291
16 494 518
14 126 143
16 371 392
19 630 657
18 337 356
16 134 152
10 211 222
18 533 557
15 601 625
13 273 290
13 263 279
20 110 131
13 648 670
11 186 205
12 157 178
17 326 350
19 425 449
20 18 40
12 548 568
12 251 269
13 257 271
15 253 274
16 557 575
13 421 443
16 656 674
15 81 105
10 226 237
20 734 757
14 568 589
20 518 546
12 631 648
16 807 828
16 516 540
13 229 251
16 687 709
11 383 401
14 386 405
20 51 73
10 397 416
12 261 282
20 659 684
18 229 249
13 48 63
12 758 774
12 537 550
10 341 352
16 602 627
17 71 90
14 742 758
12 57 78
20 383 412
15 512 535
15 79 103
15 808 829
16 142 167
11 766 783
14 657 673
14 68 88
12 846 867
12 194 207
15 537 554
12 206 226
11 756 776
18 317 344
13 8 26
20 354 378
17 357 379
16 77 100
15 46 69
20 201 225
13 182 200
12 489 504
13 177 191
12 405 420
19 73 96
11 275 293
19 342 367
18 815 841
12 100 116
19 725 750
19 761 784
18 22 42
11 276 292
10 868 879
17 233 255
19 762 783
18 734 760
13 240 261
11 426 444
11 170 184
17 168 188
11 55 70
15 750 766
16 522 540
17 843 868
15 174 191
15 544 568
18 682 704
13 461 481
20 316 344
12 542 561
11 432 447
11 455 470
17 746 769
10 521 533
11 379 396
16 633 651
17 467 493
17 762 780
10 650 669
16 834 852
11 644 659
12 797 812
20 832 861
