450
192 20 213 
185 12 217 
199 26 243 
405 16 424 
272 18 308 
343 8 368 
404 21 434 
256 15 288 
329 24 369 
68 19 88 
252 17 282 
346 11 370 
77 20 115 
246 10 266 
122 15 156 
186 28 222 
105 22 135 
183 23 218 
61 14 93 
306 31 339 
282 16 307 
53 26 87 
29 16 60 
294 15 328 
39 15 73 
26 15 59 
321 10 333 
347 20 379 
337 16 370 
217 21 246 
282 36 328 
96 20 118 
217 12 248 
232 24 276 
200 20 240 
136 25 177 
336 17 366 
251 19 289 
7 31 56 
229 25 262 
354 33 397 
416 12 433 
30 19 49 
399 17 421 
116 16 149 
217 21 250 
172 9 196 
71 23 97 
196 12 212 
125 19 153 
53 27 99 
389 24 431 
181 15 216 
415 11 440 
89 21 113 
429 26 472 
286 14 314 
191 12 204 
155 25 189 
197 19 226 
335 12 350 
355 20 380 
161 22 190 
142 14 160 
318 23 358 
30 17 56 
240 20 265 
199 28 234 
161 21 194 
169 23 193 
9 23 39 
324 36 373 
447 9 456 
399 33 444 
397 9 426 
81 19 106 
335 15 357 
278 28 322 
352 14 384 
305 1 310 
54 33 88 
379 23 402 
114 22 156 
351 30 401 
228 18 264 
11 22 35 
393 14 419 
441 24 479 
142 21 179 
289 33 323 
275 15 308 
140 23 171 
447 25 474 
283 24 324 
323 12 350 
347 9 372 
422 32 463 
43 16 64 
264 32 311 
285 18 314 
164 18 202 
50 25 83 
12 14 35 
239 12 251 
174 21 212 
45 27 90 
208 25 235 
215 29 260 
337 19 371 
221 16 242 
278 23 318 
236 11 259 
224 15 253 
346 24 383 
102 11 121 
222 19 259 
205 25 250 
94 20 131 
111 19 135 
280 17 305 
369 36 421 
51 27 78 
301 24 331 
309 16 343 
48 16 67 
328 10 341 
273 19 295 
60 20 99 
403 16 423 
50 22 78 
83 17 105 
282 21 310 
14 21 36 
258 15 280 
414 27 446 
206 25 234 
428 25 456 
131 16 162 
186 27 224 
132 18 163 
233 23 265 
115 21 137 
225 12 245 
210 22 249 
348 18 383 
415 21 436 
439 19 475 
48 17 68 
386 26 426 
293 16 312 
441 34 481 
225 19 261 
443 5 465 
391 23 419 
325 15 353 
371 24 403 
72 30 102 
358 21 384 
441 21 477 
383 12 398 
133 13 159 
257 17 294 
288 21 309 
56 19 90 
367 19 390 
45 25 84 
193 16 221 
255 29 284 
413 22 444 
154 6 169 
399 24 439 
44 27 75 
444 16 471 
1 30 50 
202 13 220 
15 24 53 
334 14 359 
297 9 318 
404 22 435 
192 34 231 
8 17 43 
199 26 232 
91 15 109 
443 9 468 
178 15 193 
438 20 459 
294 21 333 
148 26 187 
13 23 51 
183 26 223 
445 27 474 
274 28 320 
33 21 58 
57 11 78 
238 17 266 
25 18 43 
335 27 374 
26 31 65 
330 21 352 
93 11 108 
316 16 334 
419 13 451 
6 16 29 
152 32 199 
30 21 69 
427 23 462 
27 19 57 
207 20 240 
142 28 177 
406 16 441 
316 13 334 
280 17 306 
68 13 95 
307 27 346 
345 19 370 
428 23 463 
285 14 309 
365 17 391 
434 13 452 
142 18 172 
154 31 197 
281 29 328 
272 13 287 
65 24 101 
248 15 281 
382 20 406 
147 13 163 
56 14 87 
129 18 163 
247 20 270 
260 23 303 
108 17 140 
7 14 29 
35 12 60 
151 35 195 
180 34 222 
283 18 303 
140 15 169 
386 30 429 
382 19 406 
176 25 204 
164 31 215 
49 30 99 
290 32 337 
167 21 203 
292 7 299 
165 21 189 
241 25 283 
161 14 191 
234 30 284 
373 21 397 
313 24 347 
126 20 161 
146 16 171 
262 20 285 
285 28 320 
93 18 130 
182 13 200 
216 13 229 
147 26 175 
324 14 347 
393 20 414 
275 8 294 
327 18 346 
391 24 430 
231 30 275 
421 26 455 
313 22 352 
435 29 478 
221 16 251 
32 19 55 
260 15 278 
135 23 169 
62 12 77 
321 25 349 
54 33 103 
191 18 209 
420 27 449 
295 22 337 
272 18 303 
60 24 88 
66 32 104 
139 14 160 
162 25 187 
425 16 454 
151 20 172 
240 12 266 
238 24 262 
213 16 232 
147 32 185 
171 15 198 
394 1 409 
448 22 483 
342 22 364 
263 4 283 
367 20 403 
408 17 430 
295 8 304 
96 30 134 
112 40 152 
222 18 253 
445 9 471 
182 34 235 
332 14 350 
67 22 97 
89 22 122 
448 20 486 
334 15 353 
400 31 436 
395 20 425 
149 16 185 
310 23 337 
405 21 440 
383 18 418 
126 16 161 
56 14 76 
382 7 409 
303 15 318 
11 27 38 
10 31 41 
198 13 213 
227 25 256 
420 12 436 
421 22 451 
185 18 220 
350 30 392 
123 12 151 
216 30 264 
7 23 49 
223 25 252 
268 15 294 
185 18 219 
32 19 58 
27 27 72 
432 18 450 
211 20 231 
298 21 333 
391 17 416 
417 20 450 
284 12 310 
81 13 100 
129 21 152 
406 28 441 
419 26 450 
366 28 398 
78 9 99 
74 16 103 
443 4 453 
341 23 375 
397 17 432 
239 17 268 
160 14 190 
4 26 36 
322 6 332 
3 5 27 
337 20 371 
320 25 365 
215 16 245 
392 30 438 
405 29 448 
354 19 380 
255 15 287 
307 26 334 
138 25 174 
228 23 256 
385 19 419 
372 30 417 
423 11 440 
435 17 459 
122 20 154 
136 10 166 
189 19 222 
91 20 118 
409 29 441 
364 16 387 
94 13 116 
41 21 81 
358 20 387 
329 14 362 
107 11 131 
57 28 99 
206 26 251 
428 16 452 
420 23 450 
232 20 261 
413 17 432 
229 33 282 
396 28 438 
399 17 421 
250 13 268 
187 17 204 
73 20 95 
308 18 342 
428 28 459 
365 21 394 
424 8 436 
80 15 95 
112 24 137 
255 21 284 
298 14 329 
292 26 327 
424 18 451 
126 24 159 
139 32 185 
237 11 249 
436 27 479 
427 11 450 
89 27 119 
279 28 314 
393 14 425 
406 20 443 
65 15 100 
439 13 464 
386 18 413 
80 19 108 
177 25 219 
172 24 215 
418 20 442 
111 1 124 
391 30 429 
326 24 355 
103 23 134 
415 27 448 
319 17 342 
339 26 377 
53 32 86 
242 25 271 
413 12 442 
423 12 453 
120 21 148 
144 3 156 
253 19 281 
132 21 162 
115 17 145 
40 18 67 
184 21 206 
356 21 397 
112 17 131 
331 10 350 
128 22 166 
391 22 424 
369 10 388 
234 12 262 
105 19 124 
307 29 344 
235 28 276 
209 33 242 
446 20 486 
249 25 291 
163 21 200
