200
18 166 186
15 404 420
11 421 436
13 356 371
20 283 307
13 20 42
15 305 328
10 174 186
20 487 516
14 160 177
11 290 306
14 119 137
10 392 404
20 262 290
13 407 427
17 299 323
18 112 133
18 288 309
13 360 378
11 182 200
14 198 213
10 405 420
14 335 358
15 335 355
17 388 410
17 66 87
10 15 28
12 411 428
15 214 230
15 11 29
15 224 241
19 289 313
11 123 138
20 442 468
20 17 41
15 294 310
19 466 491
19 322 344
18 350 377
13 320 338
11 174 191
13 263 279
17 87 105
15 247 268
15 262 278
15 340 359
14 406 424
12 181 195
18 82 108
18 250 274
14 207 225
15 371 389
14 283 301
14 372 388
16 32 55
19 239 264
14 31 50
10 458 471
11 480 496
15 38 58
16 359 383
11 6 25
13 205 223
15 336 354
17 474 498
13 243 258
11 424 437
14 137 158
19 123 148
16 352 376
14 155 177
19 88 110
18 302 324
17 72 96
17 185 206
11 33 51
10 425 443
10 63 82
20 384 406
11 337 349
16 499 520
19 300 325
17 404 423
18 459 481
16 152 170
16 79 99
15 294 313
19 438 459
11 397 413
16 326 349
18 315 336
10 242 261
17 486 512
19 196 219
19 360 386
12 23 42
18 429 455
12 200 220
11 414 427
19 63 87
16 114 132
14 106 124
19 86 109
16 317 335
15 195 211
19 230 258
11 444 464
18 372 398
13 326 343
12 408 429
15 329 351
10 141 159
11 88 102
10 169 180
14 440 460
18 18 38
14 121 139
20 108 132
13 129 144
20 379 406
13 355 370
18 360 379
10 199 213
17 287 310
12 67 84
11 109 122
17 368 388
13 116 131
20 95 118
19 306 326
17 384 409
19 427 451
11 138 152
11 279 299
16 30 52
13 353 368
12 490 507
16 105 122
18 102 123
13 58 78
10 192 210
16 485 507
16 255 278
13 372 394
19 61 87
12 468 484
20 391 413
13 289 306
10 11 26
16 385 408
14 498 519
11 16 29
12 408 421
14 51 66
13 497 516
10 139 157
11 273 285
12 224 237
10 137 149
12 269 290
11 352 372
18 348 368
14 375 394
19 215 242
16 118 141
13 217 238
14 266 282
16 410 432
17 194 212
10 481 497
17 211 231
20 6 34
12 153 169
16 218 240
17 130 149
18 183 209
18 212 237
16 154 177
10 166 182
16 406 423
11 188 201
13 406 424
13 11 28
20 212 239
14 180 198
15 162 184
19 76 98
17 448 468
17 168 190
19 250 277
17 320 345
11 384 396
20 95 119
15 175 195
13 378 397
19 351 377
18 402 424
12 415 433
16 38 58
20 213 239
