50
30 3 37 
7 9 18 
49 5 60 
27 6 34 
23 5 33 
14 12 27 
39 7 48 
13 11 28 
9 12 27 
45 2 51 
29 5 39 
48 11 65 
27 9 42 
26 9 38 
11 9 23 
21 2 27 
42 17 59 
41 4 46 
10 14 28 
17 4 25 
46 12 60 
13 5 20 
5 7 14 
4 10 15 
16 6 27 
10 10 22 
7 8 20 
6 13 23 
11 3 20 
19 1 23 
27 12 45 
8 8 20 
20 1 26 
7 13 20 
13 3 16 
19 3 27 
6 8 20 
29 7 42 
19 7 32 
46 7 53 
4 7 16 
4 15 25 
29 4 35 
45 4 51 
42 4 51 
24 3 31 
12 11 23 
21 1 23 
43 5 52 
34 8 43
