400
59 0 106
55 0 137
46 6 128
59 0 153
52 59 145
42 56 132
45 53 138
132 54 334
41 61 163
86 63 246
33 108 195
48 100 242
50 106 233
141 107 385
49 106 191
56 183 333
55 174 270
39 241 317
38 241 353
32 243 319
56 284 406
32 282 354
52 338 410
43 337 422
45 385 475
35 379 468
49 383 474
38 429 483
98 421 570
46 421 542
45 424 517
35 419 517
55 419 588
39 475 529
56 472 577
48 476 571
35 527 633
34 529 582
82 528 700
34 592 657
53 589 745
55 582 740
58 586 742
55 584 729
57 590 757
48 631 697
30 631 715
38 630 720
57 621 750
44 658 747
52 658 748
51 658 731
129 706 974
37 710 763
50 700 809
30 756 840
132 761 1138
55 762 910
36 760 849
42 829 891
58 826 1002
55 860 1022
52 867 941
98 862 1117
129 942 1164
43 942 1009
126 1048 1232
50 1049 1138
57 1039 1157
34 1043 1131
34 1044 1134
39 1115 1219
49 1112 1197
51 1112 1200
59 1119 1226
41 1172 1257
35 1164 1237
31 1171 1225
48 1169 1301
33 1163 1226
123 1163 1351
58 1214 1327
58 1212 1356
38 1215 1298
82 1208 1424
58 1274 1396
34 1277 1377
38 1274 1370
38 1309 1418
59 1314 1465
35 1311 1371
141 1351 1705
31 1359 1436
33 1350 1438
35 1358 1405
45 1351 1465
37 1390 1480
57 1393 1494
35 1397 1448
43 1389 1490
42 1398 1497
39 1388 1458
48 1435 1525
37 1431 1508
53 1439 1571
32 1431 1530
123 1475 1791
129 1469 1665
33 1468 1567
88 1477 1736
30 1475 1538
37 1478 1542
43 1546 1652
51 1547 1657
37 1549 1633
51 1550 1621
37 1541 1630
37 1551 1652
36 1579 1660
54 1579 1740
47 1580 1676
120 1612 1912
54 1611 1730
36 1712 1808
34 1721 1776
98 1720 1979
30 1718 1781
80 1720 1835
55 1763 1853
45 1765 1832
42 1767 1857
41 1812 1919
42 1808 1922
90 1810 1980
51 1811 1890
30 1812 1878
50 1814 1909
46 1863 1954
47 1864 1984
82 1902 2134
52 1904 2029
50 1908 2000
33 1904 1990
56 1909 2067
52 1906 1983
96 1946 2174
39 1943 2049
92 1942 2201
46 2027 2098
42 2034 2117
33 2030 2118
52 2034 2107
30 2027 2086
43 2032 2127
32 2081 2134
51 2076 2217
53 2083 2201
55 2086 2190
50 2076 2210
52 2112 2191
43 2114 2211
46 2112 2246
48 2118 2185
43 2112 2237
36 2116 2199
129 2157 2463
30 2156 2241
41 2157 2268
52 2228 2351
39 2230 2305
50 2229 2307
56 2270 2391
52 2276 2372
47 2272 2405
53 2276 2427
86 2274 2446
49 2336 2480
48 2339 2477
45 2334 2468
37 2337 2408
42 2344 2409
48 2340 2472
41 2384 2465
48 2386 2498
53 2386 2531
41 2388 2460
32 2383 2479
36 2386 2491
37 2419 2509
47 2414 2558
42 2422 2484
58 2413 2533
80 2461 2597
144 2462 2763
43 2466 2564
38 2458 2537
57 2464 2592
37 2462 2560
43 2531 2638
32 2534 2614
42 2530 2648
48 2533 2617
42 2532 2610
54 2572 2651
44 2566 2684
54 2571 2699
58 2611 2698
45 2613 2723
129 2610 2817
32 2674 2756
35 2673 2746
86 2675 2810
58 2669 2806
30 2729 2799
46 2734 2866
30 2735 2823
39 2731 2811
36 2733 2837
43 2772 2878
49 2771 2913
46 2774 2899
39 2771 2864
50 2767 2911
43 2804 2872
49 2807 2897
51 2805 2946
52 2801 2928
45 2807 2921
54 2800 2922
90 2849 3023
56 2854 2997
147 2848 3293
41 2854 2925
82 2851 3073
35 2957 3024
47 2955 3054
44 2953 3061
51 2953 3053
32 2952 3011
42 2951 3051
50 2986 3092
41 2987 3059
51 3036 3153
42 3029 3094
52 3028 3187
39 3032 3136
44 3036 3141
42 3068 3176
54 3070 3148
59 3064 3161
53 3063 3210
38 3122 3200
55 3128 3256
34 3168 3227
30 3169 3244
88 3167 3324
39 3170 3263
54 3171 3301
84 3169 3292
36 3202 3268
57 3206 3357
57 3205 3312
132 3262 3632
33 3266 3345
59 3262 3416
57 3266 3428
126 3266 3565
46 3262 3355
50 3355 3483
56 3353 3437
38 3353 3448
33 3354 3435
45 3357 3470
52 3352 3483
37 3388 3485
86 3394 3629
38 3389 3476
123 3386 3733
35 3390 3459
35 3465 3561
58 3465 3605
49 3460 3572
58 3458 3634
96 3466 3719
46 3515 3583
39 3517 3572
59 3513 3632
33 3572 3653
56 3568 3739
57 3607 3709
32 3611 3655
57 3609 3760
120 3610 3967
96 3604 3799
58 3665 3809
43 3666 3775
51 3713 3813
39 3721 3814
57 3767 3903
44 3763 3863
40 3814 3897
46 3814 3955
39 3821 3879
46 3821 3932
53 3819 3944
41 3815 3899
55 3873 3978
33 3868 3920
53 3873 3963
41 3865 3962
48 3915 3996
42 3907 4006
30 3910 3958
34 3915 3961
45 3954 4031
132 3951 4227
47 3949 4053
43 3955 4014
46 4001 4132
40 4009 4064
44 4004 4083
34 4008 4065
51 4046 4195
96 4044 4211
132 4052 4404
54 4050 4172
40 4148 4243
48 4150 4286
53 4147 4242
48 4152 4276
41 4147 4270
129 4196 4527
34 4194 4263
54 4288 4426
35 4292 4363
92 4331 4499
32 4324 4401
46 4398 4530
58 4392 4566
52 4391 4501
50 4395 4502
39 4392 4466
47 4450 4558
57 4447 4594
36 4451 4550
147 4447 4740
46 4527 4604
53 4527 4621
144 4528 4799
45 4522 4652
46 4523 4641
49 4596 4695
37 4593 4648
48 4599 4689
36 4637 4692
98 4642 4814
58 4643 4771
59 4639 4809
38 4705 4785
48 4715 4843
53 4709 4788
36 4753 4838
55 4752 4891
57 4802 4934
52 4804 4881
35 4864 4924
59 4872 4956
126 4914 5137
55 4912 5043
123 4912 5280
53 4911 5011
80 4915 5143
35 5016 5091
56 5020 5126
56 5020 5103
35 5057 5151
36 5065 5157
96 5061 5280
129 5116 5454
37 5120 5204
33 5125 5188
52 5193 5315
86 5195 5368
144 5251 5656
35 5258 5309
46 5255 5335
41 5258 5359
55 5250 5374
32 5253 5304
55 5317 5446
32 5312 5387
55 5364 5509
45 5363 5501
38 5367 5442
43 5362 5430
30 5367 5411
32 5412 5486
50 5417 5563
52 5418 5543
52 5451 5561
