100
30 2 35 
97 8 111 
60 13 82 
27 13 46 
18 6 29 
88 5 97 
9 11 24 
42 14 66 
8 10 24 
100 6 116 
17 3 22 
12 2 16 
95 10 109 
24 6 39 
71 3 76 
96 5 106 
73 2 75 
66 2 72 
33 11 48 
91 8 106 
67 11 78 
7 7 20 
10 12 32 
98 8 107 
97 7 111 
40 11 57 
12 14 35 
31 1 34 
99 1 106 
21 11 38 
38 1 48 
57 4 67 
79 13 93 
89 13 104 
31 11 52 
26 10 42 
21 13 36 
41 11 58 
15 10 30 
97 10 116 
9 5 19 
91 10 107 
75 12 94 
39 14 55 
96 14 118 
50 13 72 
96 14 117 
1 8 12 
69 11 89 
10 11 24 
37 1 40 
26 7 42 
40 13 63 
19 13 42 
22 11 38 
81 6 95 
45 2 55 
81 1 82 
34 3 39 
38 9 57 
15 12 37 
62 6 74 
97 9 115 
13 6 21 
83 5 90 
33 6 48 
56 3 60 
9 8 17 
7 5 17 
25 13 42 
65 12 82 
49 4 60 
1 8 12 
40 8 55 
81 11 95 
77 13 99 
54 8 70 
30 13 52 
49 8 61 
26 9 41 
60 10 80 
34 7 42 
92 2 94 
80 10 94 
86 4 95 
73 14 87 
1 1 2 
18 14 41 
5 5 13 
14 9 32 
69 1 75 
31 4 35 
30 5 44 
83 1 91 
69 10 80 
32 1 39 
18 10 36 
68 10 83 
64 1 73 
50 2 55 
