100
41 7 51 
17 6 26 
36 13 53 
75 8 89 
45 10 63 
47 15 63 
90 1 99 
84 4 97 
55 9 68 
88 1 94 
62 7 77 
93 7 101 
91 13 110 
38 12 52 
89 8 97 
31 13 44 
81 10 95 
89 1 94 
86 16 109 
77 12 90 
48 13 66 
31 12 49 
38 10 56 
44 7 51 
83 8 96 
80 12 99 
88 10 104 
57 1 64 
72 15 90 
40 6 53 
38 6 52 
38 12 50 
31 21 61 
14 9 25 
36 4 48 
90 9 99 
31 11 42 
49 7 61 
11 10 22 
34 14 49 
96 17 120 
17 12 32 
91 2 99 
77 10 89 
80 9 96 
75 13 92 
78 9 96 
74 13 95 
40 1 48 
53 11 68 
39 12 57 
12 8 23 
65 11 81 
94 15 118 
98 13 120 
96 8 113 
46 6 52 
22 10 36 
96 7 112 
7 13 23 
35 12 51 
1 8 18 
43 3 55 
64 6 73 
65 3 71 
22 13 35 
63 7 72 
31 13 49 
5 15 24 
9 8 25 
25 4 32 
32 7 45 
37 18 63 
63 9 80 
97 8 108 
14 4 19 
44 18 65 
47 14 64 
50 11 61 
87 8 98 
2 12 18 
95 1 100 
71 2 77 
19 3 28 
65 5 71 
85 9 98 
51 12 68 
6 9 23 
19 12 39 
31 12 45 
43 11 58 
54 17 73 
51 9 63 
96 10 106 
88 14 102 
31 6 44 
9 13 26 
95 5 103 
33 11 51 
79 13 93
