500
16 169 190
11 644 659
11 905 919
8 896 905
5 210 216
1 323 333
20 512 542
4 474 487
11 880 895
19 242 268
6 358 366
12 66 80
12 426 448
14 896 916
14 45 64
2 622 631
11 956 975
16 98 122
19 871 893
2 149 161
7 428 436
16 504 525
10 424 438
11 859 878
12 560 581
8 512 520
11 61 79
4 300 308
11 292 307
9 858 872
3 943 953
4 777 784
17 427 447
5 89 104
10 78 92
14 585 603
16 937 958
5 198 213
3 221 233
15 51 68
3 948 951
14 145 165
3 797 800
10 134 146
5 98 103
13 506 523
12 337 358
2 302 307
16 155 178
3 16 26
20 821 847
19 536 555
16 805 823
12 43 55
5 946 959
7 426 435
2 548 559
10 897 910
3 771 774
18 0 25
1 194 201
3 978 989
11 400 419
15 587 604
5 615 621
17 1 18
12 28 45
5 387 394
12 288 301
9 652 662
20 743 764
10 377 397
9 434 449
14 635 655
10 648 665
6 604 611
17 546 565
13 259 276
9 125 140
10 720 737
13 35 58
15 338 358
9 737 755
19 687 712
1 760 767
8 458 474
17 787 814
13 608 628
10 737 752
1 553 558
4 742 751
18 338 366
6 165 175
14 844 868
3 699 703
9 794 813
10 881 894
17 977 997
4 462 471
20 323 346
15 57 78
10 491 507
1 704 706
17 467 489
5 88 93
18 57 75
6 517 529
6 722 734
9 375 389
12 751 770
11 498 513
2 822 825
17 588 605
6 737 751
15 770 785
17 717 737
15 316 331
7 408 416
8 152 170
9 97 115
8 541 556
20 326 349
6 879 889
8 304 314
3 702 708
6 266 273
5 677 685
15 135 156
3 865 871
13 24 37
18 927 945
2 574 580
8 319 335
2 11 17
15 32 52
20 467 494
7 622 635
6 219 226
13 649 668
20 977 1006
7 425 438
18 50 75
10 176 190
4 77 85
14 71 93
1 198 200
15 78 93
12 559 581
10 230 243
8 69 79
11 666 682
13 978 995
10 512 529
7 736 749
6 449 458
14 953 968
7 23 34
11 757 772
16 363 386
20 856 883
8 20 32
4 137 141
2 386 396
4 561 575
2 690 702
13 563 581
14 458 474
17 129 152
17 772 799
15 88 112
19 479 504
9 398 417
4 561 573
4 985 997
11 955 970
3 841 850
1 674 677
16 78 95
15 379 404
16 76 97
18 894 922
10 475 494
17 622 645
16 231 257
11 127 148
6 434 441
16 518 537
14 419 436
9 908 919
16 349 370
7 712 721
13 335 358
11 145 158
3 828 840
7 305 322
2 267 269
5 778 784
8 441 449
12 280 302
15 189 214
12 989 1009
5 243 257
9 862 872
17 3 23
19 256 282
17 522 544
4 378 387
11 953 967
20 648 673
3 947 959
15 971 993
9 407 426
20 575 605
1 568 573
13 835 854
7 682 691
14 266 285
19 778 797
4 158 171
6 631 637
20 877 899
14 174 194
7 129 140
1 290 295
14 284 302
10 140 151
15 287 306
15 791 812
4 684 698
7 624 631
12 268 283
11 679 700
11 798 815
5 45 54
20 187 208
13 814 837
11 776 787
5 615 624
20 817 843
12 808 823
9 551 570
11 458 470
4 178 190
11 430 441
2 944 948
5 185 193
12 337 355
18 411 437
12 776 794
6 712 726
3 550 553
7 125 136
12 896 913
18 399 423
14 408 422
10 304 314
10 872 892
13 939 952
3 447 457
5 387 392
4 485 492
18 3 30
12 440 455
6 365 376
11 810 829
20 798 827
1 587 592
9 499 514
1 427 429
19 193 213
12 341 362
19 896 922
8 342 350
4 777 783
15 740 757
2 672 679
20 523 544
12 868 889
20 300 323
1 561 572
16 133 151
15 845 861
5 862 877
10 251 271
11 292 303
2 623 628
2 135 144
13 180 198
11 869 881
17 202 219
19 233 260
13 736 759
18 115 139
20 881 904
19 4 30
14 585 599
2 585 588
18 790 817
10 659 669
10 464 478
12 311 328
12 883 904
6 872 888
13 348 361
13 405 428
14 249 270
19 82 106
7 30 43
11 780 801
15 108 125
5 344 356
8 326 335
10 369 381
1 171 174
19 369 390
17 130 152
16 424 447
7 376 385
9 172 183
9 132 148
14 343 362
20 760 780
18 264 287
4 719 726
15 290 306
18 315 340
18 898 925
19 966 987
17 850 871
14 649 672
19 718 746
10 73 92
13 460 480
9 566 585
4 596 601
19 532 557
4 282 294
18 283 303
8 577 594
14 155 172
4 411 423
1 270 280
12 363 378
13 123 142
20 416 442
13 425 441
4 677 688
8 715 727
13 302 318
4 446 460
8 1 12
1 795 804
16 491 507
19 526 547
13 747 763
7 958 965
9 821 836
8 109 122
1 831 842
12 665 678
6 59 65
9 80 94
8 848 861
14 408 425
8 394 407
13 206 227
12 177 192
14 5 19
5 718 725
13 86 109
17 498 519
5 650 661
16 908 924
5 593 602
6 533 543
19 32 51
17 696 723
17 420 438
18 552 579
20 460 480
14 336 352
11 831 849
5 258 264
12 796 815
19 571 592
9 641 656
12 537 556
2 202 210
7 146 159
10 459 470
8 312 320
4 906 914
17 698 722
15 166 189
2 731 743
2 298 302
20 471 492
14 978 1000
11 855 867
6 985 992
7 933 942
12 718 733
13 296 314
15 740 756
19 709 736
4 666 672
16 740 763
11 414 425
2 69 77
16 99 125
17 646 668
9 843 854
7 869 881
9 158 173
11 752 772
7 568 578
13 80 97
15 729 754
1 173 179
18 855 881
10 782 797
11 97 114
7 413 421
5 728 733
2 197 202
5 862 868
16 4 21
5 2 14
18 250 277
8 874 891
16 620 642
7 573 580
3 510 519
2 263 265
15 419 443
3 20 29
3 423 428
19 868 891
10 442 456
1 435 438
11 503 524
3 743 755
3 879 888
19 288 307
14 41 60
4 774 788
3 479 491
9 49 60
6 719 733
20 242 270
6 504 519
8 147 158
13 982 1001
18 961 989
13 0 14
19 708 727
15 635 653
20 377 407
12 920 939
6 779 790
12 306 327
11 638 654
18 554 577
8 786 801
18 280 307
19 230 249
2 265 271
13 469 490
5 730 742
11 568 587
20 27 47
14 188 203
17 760 781
5 514 525
20 309 337
13 717 736
20 634 660
5 25 33
3 453 456
4 877 891
15 445 469
11 821 832
5 439 446
9 53 67
10 517 532
14 14 31
7 173 181
2 471 480
10 442 457
14 429 453
9 685 696
3 430 438
4 178 188
19 456 477
12 828 847
13 189 205
10 864 874
9 662 674
17 39 66
17 753 775
