300
11 66 82
13 703 724
13 266 282
11 13 29
11 344 358
20 29 53
16 430 454
18 576 598
13 470 490
12 357 371
19 636 660
13 623 639
12 621 639
18 695 714
16 9 26
19 93 119
20 387 410
18 523 549
10 586 605
18 188 209
17 338 356
15 407 423
15 277 300
14 379 400
11 119 135
14 328 343
16 599 619
11 736 749
20 684 710
12 488 508
17 44 67
17 247 273
14 175 190
11 450 470
13 532 549
16 640 660
12 609 624
14 242 261
20 155 183
18 126 146
20 317 340
19 492 514
13 746 767
14 245 264
19 608 631
14 193 212
13 260 275
19 349 375
11 635 650
12 660 680
13 401 421
18 321 346
11 75 88
13 426 444
19 298 324
18 82 108
13 333 348
12 495 510
11 334 350
11 327 341
20 521 548
20 706 732
16 578 602
15 600 620
15 575 592
14 547 568
10 8 23
19 535 561
15 388 409
11 96 111
10 585 597
18 246 273
19 374 400
14 250 265
17 744 768
18 408 428
13 111 127
10 586 601
10 114 126
12 374 392
16 371 394
12 582 599
15 199 220
14 80 97
16 602 624
20 713 741
17 314 332
18 731 753
15 408 430
20 318 345
20 669 694
10 677 688
12 18 34
17 703 727
12 263 278
13 737 757
14 53 71
18 29 53
18 509 531
10 33 45
13 126 143
10 630 641
15 340 359
15 574 596
17 722 745
16 12 32
12 315 333
20 498 522
18 334 356
18 40 61
19 259 282
20 391 417
20 465 491
17 459 477
17 739 758
13 75 89
13 716 734
12 415 433
20 444 469
12 16 35
15 300 319
19 704 731
20 380 404
19 215 240
15 721 739
14 179 198
15 442 463
12 657 676
12 435 454
17 587 613
10 581 600
17 605 627
19 133 158
19 337 363
10 270 289
15 306 324
12 298 313
14 625 646
13 358 380
11 436 451
20 465 491
17 413 433
11 498 516
10 656 671
15 723 744
10 60 71
18 464 486
18 439 458
19 280 306
10 246 261
13 184 204
16 707 731
19 296 320
16 305 330
14 427 446
15 35 58
15 529 551
13 170 189
15 138 156
12 11 24
19 124 145
11 344 363
13 746 766
11 463 476
18 236 262
15 523 544
19 529 556
11 235 247
17 689 714
16 444 465
16 528 553
13 144 163
14 190 205
13 0 20
10 493 511
14 525 540
19 26 49
11 403 417
17 130 154
13 454 469
14 330 353
13 677 691
15 26 44
11 702 720
12 202 223
19 405 426
17 712 738
12 303 320
15 448 464
19 181 204
14 152 174
18 118 137
11 684 704
15 179 203
18 672 691
14 307 327
19 260 286
19 479 500
18 369 388
16 192 214
13 393 410
12 95 114
11 130 143
19 108 130
19 440 468
20 435 459
10 508 527
16 214 234
11 569 587
14 647 663
14 209 231
19 381 401
11 446 461
20 655 677
18 745 770
12 468 484
17 193 219
18 102 125
10 610 622
12 441 462
17 571 592
10 214 232
17 396 421
10 179 193
18 112 138
10 99 111
14 740 755
19 239 267
13 226 240
10 560 572
11 15 28
15 472 490
20 33 60
19 521 541
19 60 82
17 465 485
10 482 497
17 252 274
13 430 447
10 545 560
17 47 72
11 205 223
11 72 91
11 333 353
19 557 579
20 66 89
11 115 130
12 448 468
10 191 206
13 730 746
14 252 275
16 577 602
15 15 37
17 143 166
17 18 39
18 47 73
20 365 390
13 625 641
20 182 208
14 12 30
17 402 423
13 318 332
18 487 508
11 555 575
16 292 310
18 502 524
12 715 732
18 537 559
11 51 68
18 679 704
13 136 153
13 464 486
19 465 491
12 643 656
12 122 143
10 680 698
15 309 330
20 538 559
15 243 267
14 409 427
20 148 173
13 114 132
15 555 575
18 46 68
15 477 499
15 548 571
14 368 389
17 174 196
15 253 276
20 352 376
19 681 706
15 721 745
18 319 343
12 399 419
14 111 133
15 650 668
16 31 56
16 690 713
14 365 385
11 621 634
