400
30 40 94
40 37 104
42 16 66
38 9 65
20 24 48
53 14 67
22 21 65
58 3 90
60 18 90
10 23 58
55 16 79
9 39 75
55 40 109
50 37 96
29 38 88
24 27 78
27 27 81
18 10 57
19 9 53
56 26 110
5 26 48
30 39 89
34 35 95
42 9 65
52 7 85
13 23 46
22 25 49
62 31 95
65 5 92
28 29 81
19 16 55
38 29 72
28 25 65
60 24 102
32 19 65
13 26 56
38 20 85
56 35 106
51 31 96
59 15 81
67 36 120
10 27 43
32 32 75
28 36 79
54 38 99
84 11 106
78 19 115
79 37 139
69 3 76
67 11 91
90 30 138
31 22 80
21 8 29
58 22 86
42 17 77
13 20 53
70 6 89
59 7 86
68 24 105
22 8 34
79 28 128
46 12 84
54 25 101
31 4 61
83 15 117
24 3 35
18 41 77
42 39 108
94 22 124
65 14 83
50 21 94
102 13 120
103 36 166
28 27 76
100 32 150
26 16 54
38 24 83
75 1 105
63 24 94
82 24 118
110 12 140
38 9 66
83 15 122
71 11 94
80 39 128
28 8 37
39 5 54
36 5 63
105 29 147
78 17 121
69 3 80
37 11 65
77 27 122
38 26 85
83 21 109
27 21 75
110 12 143
93 21 126
48 31 94
23 25 67
50 37 116
91 19 111
34 7 63
81 19 119
84 30 123
127 20 149
60 7 75
92 11 111
115 17 134
36 41 81
70 22 100
123 40 164
68 35 112
128 33 189
39 22 72
102 40 145
55 40 122
118 18 165
127 4 154
56 31 114
31 26 57
94 7 125
46 26 95
49 26 98
133 11 147
80 38 122
106 20 143
91 3 107
99 10 113
36 25 72
53 38 91
82 4 89
34 26 76
45 18 90
137 18 156
117 23 168
39 6 61
148 39 188
135 37 179
102 1 120
89 5 110
56 27 100
73 41 129
148 12 175
60 36 118
56 14 73
36 34 97
112 21 148
39 17 82
37 28 85
81 39 145
144 7 172
113 41 166
51 30 85
64 6 91
149 8 168
36 28 84
119 1 140
70 26 114
117 21 140
161 27 211
70 21 93
35 7 46
144 31 188
100 23 136
127 18 157
167 1 188
130 27 175
93 34 138
76 17 105
88 20 135
100 38 153
59 35 111
82 14 97
164 23 196
75 17 96
91 21 140
162 2 189
63 37 104
158 36 206
98 12 136
146 29 199
149 3 181
102 11 136
142 34 186
148 32 193
140 32 182
93 6 108
178 2 205
138 32 175
108 1 114
129 18 175
48 29 101
73 39 126
162 18 197
157 8 166
185 36 249
147 39 206
108 12 147
126 32 181
41 23 68
124 19 161
50 25 83
126 6 159
134 4 150
73 2 90
145 5 158
46 39 89
194 31 233
77 35 133
105 5 112
188 23 223
188 9 201
199 38 239
64 25 103
71 3 83
146 36 189
195 41 251
191 24 217
110 9 146
175 37 224
181 7 205
150 33 183
155 24 205
50 29 100
56 38 96
126 12 154
62 10 80
75 4 92
52 9 84
122 15 166
191 40 232
98 18 144
186 12 200
141 37 205
92 13 129
126 17 162
123 18 163
166 37 212
212 9 222
166 14 191
215 40 270
199 24 236
149 5 166
94 38 132
218 10 238
224 12 258
205 19 253
88 36 130
109 37 170
224 36 267
228 6 251
53 40 111
188 9 222
223 14 240
201 19 222
154 16 185
56 37 106
112 20 157
159 19 193
88 4 94
225 24 263
183 17 216
201 4 231
102 30 147
223 28 273
231 36 270
141 26 177
163 19 199
230 35 283
185 25 236
163 2 188
112 27 153
213 18 231
226 11 255
203 1 217
157 40 205
98 20 128
65 17 95
97 21 118
111 32 163
197 28 225
223 20 272
251 8 286
238 26 280
121 37 186
112 7 129
139 5 164
61 23 101
157 9 167
214 30 253
159 30 208
154 17 179
247 12 283
124 36 187
186 13 207
217 30 260
96 30 136
253 7 262
155 7 173
98 2 106
133 15 171
250 13 280
237 8 270
257 1 287
267 29 324
247 7 265
206 2 211
76 21 103
186 14 207
217 4 222
235 26 283
79 22 119
78 30 132
234 37 271
163 34 207
247 36 283
213 39 262
110 2 117
236 18 280
205 18 244
241 24 280
234 40 302
157 28 194
198 15 220
154 5 159
107 5 114
133 28 180
236 12 273
92 3 112
211 1 234
281 34 326
151 5 162
168 3 186
278 18 315
177 13 211
183 17 210
90 12 106
193 25 224
108 37 147
107 14 124
264 38 330
188 12 216
97 13 139
119 27 154
72 37 132
117 5 136
205 33 262
230 5 247
124 11 137
234 16 259
91 25 135
86 24 124
206 23 256
233 31 272
301 16 343
155 35 210
153 32 198
203 17 227
139 28 194
256 12 279
90 36 147
301 39 349
309 6 322
309 9 340
173 36 233
302 16 334
184 25 229
144 5 175
262 1 282
150 29 187
263 12 280
103 27 141
245 37 296
210 33 258
103 35 151
211 30 242
123 35 183
259 29 298
113 35 173
254 4 276
153 4 172
160 11 196
297 2 302
223 18 263
223 22 252
226 41 283
259 8 273
118 2 130
94 14 111
207 40 265
153 25 187
220 20 266
123 28 153
302 1 327
320 3 343
135 26 184
309 4 342
120 29 167
154 33 190
