350
7 0 11
4 1 7
1 1 5
1 1 3
4 1 8
2 3 6
7 3 13
5 4 12
2 3 9
4 4 9
10 4 16
4 5 12
1 3 7
3 3 8
10 4 17
1 3 6
10 4 17
9 5 17
3 5 12
1 5 8
1 6 9
5 5 11
5 6 12
2 7 10
2 6 9
4 7 12
1 8 12
1 7 12
5 7 14
9 9 21
7 9 20
5 10 18
8 8 18
5 8 17
3 9 16
9 10 23
3 9 13
7 9 17
2 10 13
6 10 17
3 12 19
6 11 19
7 11 19
3 12 19
5 13 21
4 12 18
1 11 16
4 12 20
3 13 17
4 14 20
5 13 22
5 15 24
10 14 25
3 15 21
1 13 18
1 14 18
1 14 19
3 14 20
4 16 23
9 15 27
6 15 23
10 16 29
5 17 25
9 17 28
2 18 21
3 17 21
8 18 27
4 18 23
7 19 27
10 17 31
7 18 26
1 17 21
3 18 25
4 19 27
5 20 27
3 20 27
4 19 24
5 19 25
6 21 29
2 20 25
10 20 33
5 20 29
3 21 26
10 22 35
7 23 32
4 22 30
3 23 29
2 23 28
6 22 30
6 24 32
3 23 28
4 23 31
7 24 32
9 23 33
7 23 31
3 25 29
8 24 34
3 25 32
1 26 28
9 25 37
9 25 38
10 27 40
7 26 35
9 27 40
2 27 33
3 27 31
8 26 37
9 27 38
4 29 36
7 28 36
2 28 31
4 28 34
1 28 33
9 29 39
10 29 42
3 29 36
8 30 40
1 30 33
10 30 43
2 30 36
2 32 37
8 32 42
5 32 38
4 32 37
9 33 45
9 31 42
10 31 42
6 33 43
5 33 39
1 34 38
10 33 47
9 32 42
6 33 41
8 35 46
9 35 47
10 34 47
4 34 39
8 36 45
1 34 38
4 34 40
8 37 47
9 35 48
6 35 44
3 37 43
5 37 46
4 37 42
10 38 52
10 38 50
5 37 46
3 38 45
7 39 48
10 38 49
10 39 50
6 40 48
8 39 49
9 41 51
9 40 53
5 39 47
7 40 51
2 42 45
7 41 50
7 41 50
2 41 45
3 43 48
10 42 54
1 41 43
5 42 48
4 42 49
5 44 53
10 43 55
9 42 53
4 44 49
5 44 53
10 45 59
1 43 45
2 44 47
6 45 52
2 45 50
4 46 52
8 45 56
3 45 52
3 47 53
3 47 52
10 47 61
8 46 55
8 46 57
2 47 53
9 47 60
4 48 53
4 49 55
9 49 61
1 48 53
4 48 55
5 49 56
10 49 62
10 50 64
1 49 52
2 50 54
9 51 61
9 52 65
1 50 53
6 50 57
6 51 61
10 52 65
1 51 56
10 51 62
6 53 61
8 53 63
4 53 59
10 52 64
8 52 63
2 53 56
10 54 66
8 55 66
8 54 63
1 54 59
1 54 58
9 55 66
9 55 68
9 56 68
3 55 61
2 56 60
7 56 67
4 56 61
5 56 63
5 56 64
1 58 60
2 58 63
4 57 65
6 59 66
4 58 63
7 60 68
3 58 65
3 60 65
9 60 73
8 60 71
8 59 70
10 59 72
4 61 66
3 60 66
1 61 65
6 61 70
3 61 65
5 62 71
7 63 72
7 62 71
10 61 73
1 62 64
10 63 76
2 63 67
9 63 75
8 63 73
2 63 68
1 64 69
1 65 68
6 65 75
7 64 74
2 65 70
2 64 70
5 66 74
9 65 78
7 66 75
10 66 77
6 66 74
4 67 73
8 68 80
4 68 73
9 69 79
7 68 77
5 69 78
4 69 76
4 69 77
2 69 75
9 68 78
10 68 80
3 68 75
1 70 73
7 71 82
4 69 77
8 71 82
8 72 84
3 72 78
2 71 74
10 72 86
6 71 81
8 71 83
4 72 79
6 72 81
6 72 79
2 74 77
4 73 80
5 74 82
7 74 82
4 75 83
1 75 79
6 74 82
10 74 85
8 76 87
2 74 80
2 76 81
3 76 82
1 76 78
3 77 83
1 78 80
2 76 82
9 77 88
10 76 88
5 77 85
6 77 84
5 77 86
3 78 82
2 79 83
4 78 86
9 79 91
10 79 90
10 79 92
8 80 89
5 80 86
5 80 88
4 80 85
10 80 94
4 82 88
7 81 91
10 82 93
4 81 88
4 83 91
9 81 92
5 83 90
3 83 90
2 83 87
8 83 94
8 83 95
5 85 92
10 84 96
10 85 96
9 83 95
10 86 99
2 84 89
5 85 91
8 86 98
7 87 97
3 87 94
1 85 89
4 86 92
1 87 91
10 87 101
8 87 98
5 87 93
1 89 91
7 88 96
