450
2 3 9
6 1 16
4 4 17
8 4 19
1 1 11
8 6 22
3 1 12
3 3 13
5 1 7
1 2 12
6 0 7
7 1 11
4 8 15
1 0 10
5 8 22
7 1 9
3 6 19
7 8 16
3 0 11
1 9 20
1 3 8
5 0 9
3 3 14
6 1 15
6 2 13
3 8 19
8 10 27
1 5 7
5 12 23
1 7 18
1 10 14
4 2 11
6 9 20
8 6 17
2 10 20
5 7 20
5 5 19
4 8 13
6 11 27
7 13 21
4 13 18
6 5 18
8 9 20
1 8 12
3 6 16
1 8 15
1 11 16
5 9 21
5 9 18
1 7 17
6 12 18
1 8 14
6 11 25
8 13 27
5 13 21
8 16 32
5 9 21
7 19 33
6 13 27
8 15 27
2 11 20
6 11 25
6 13 23
5 16 24
3 21 27
4 11 18
3 16 19
2 15 18
3 21 28
8 17 33
4 16 24
1 20 31
6 14 24
5 23 35
2 16 26
3 16 22
7 22 30
7 20 37
3 16 23
3 20 27
4 18 27
3 23 26
7 16 23
6 22 30
7 18 31
5 19 25
2 18 27
5 23 34
6 25 36
4 21 32
3 18 27
3 18 26
6 24 40
2 21 27
2 22 26
5 24 37
6 27 36
8 28 39
6 29 39
4 23 30
1 21 24
8 27 38
2 27 31
8 20 30
2 31 43
2 29 34
6 31 44
7 21 33
1 26 31
6 22 30
8 27 39
4 31 38
3 25 29
4 30 35
2 24 34
2 24 26
3 34 39
5 29 38
4 34 45
3 34 40
5 25 37
5 33 46
6 30 39
5 31 44
2 27 31
6 26 40
5 33 45
1 35 40
7 30 45
3 33 39
7 31 39
3 29 36
5 32 46
5 30 35
7 37 45
2 32 41
1 33 37
6 33 43
5 29 36
3 38 48
4 38 52
7 37 51
7 30 39
5 31 44
6 35 48
1 36 38
5 36 47
8 35 45
7 32 49
7 35 50
2 37 45
5 35 45
2 38 47
2 36 38
8 34 42
2 41 43
6 39 52
7 42 49
5 35 45
2 40 42
8 35 50
8 37 49
3 37 49
4 38 47
2 41 45
1 46 50
6 46 59
3 41 46
1 37 39
8 41 56
2 47 57
8 44 59
3 41 54
4 41 51
1 47 56
8 48 57
8 49 60
4 43 49
3 41 47
7 41 54
6 44 51
4 47 60
6 45 51
4 43 47
4 42 52
8 45 61
2 42 46
4 46 54
1 46 48
1 48 58
8 52 64
5 49 62
2 52 56
1 46 54
6 51 57
1 43 49
4 46 51
7 53 64
8 44 54
3 52 62
7 52 67
8 47 62
7 46 62
6 54 64
4 55 69
7 46 54
7 50 67
6 56 64
6 48 63
7 48 60
1 55 66
6 49 62
3 51 64
2 54 58
2 58 61
7 53 67
6 52 60
2 57 62
6 59 75
5 58 71
8 55 66
6 56 64
4 58 63
8 50 65
7 61 70
1 51 62
3 54 64
5 54 63
3 61 66
3 56 67
6 59 73
4 60 69
3 59 65
2 58 69
3 59 72
7 63 74
3 56 64
6 54 66
5 56 63
3 60 71
8 65 75
8 63 73
7 65 81
3 58 66
6 62 76
2 60 64
2 59 65
4 62 70
5 66 73
3 61 66
5 63 69
4 64 74
8 66 83
5 58 65
5 58 72
4 60 74
6 63 72
6 66 73
1 67 70
7 61 71
7 68 78
4 67 72
5 65 78
8 69 81
7 63 79
2 68 71
8 61 78
2 61 65
3 70 77
7 63 74
1 67 78
5 67 72
1 68 74
2 70 74
3 67 78
4 65 70
7 66 75
7 74 85
7 70 79
7 67 76
4 69 75
8 66 75
4 71 81
2 71 82
5 67 73
1 75 76
8 66 84
5 76 83
6 67 82
6 75 90
3 70 80
2 73 82
4 74 83
8 72 87
1 69 80
5 72 77
7 70 81
1 76 85
8 74 88
1 75 78
6 72 88
8 80 95
4 73 78
6 76 83
3 78 86
2 81 87
1 76 81
6 81 88
3 81 84
3 82 85
1 80 82
8 80 95
1 80 85
3 80 87
3 80 93
8 81 95
2 78 88
2 82 84
6 76 90
3 80 93
2 80 84
4 85 96
8 80 89
8 81 91
2 78 80
2 84 91
7 76 93
3 83 92
5 80 86
2 81 89
6 80 86
3 83 86
6 84 94
2 81 89
2 81 87
3 88 96
6 87 101
5 86 99
1 84 93
5 80 90
6 80 95
1 81 91
1 86 92
1 88 99
2 83 90
6 91 97
4 91 102
1 81 91
6 92 99
4 82 95
7 88 99
6 86 97
6 91 102
5 84 95
1 93 94
7 90 101
4 94 104
7 94 107
5 84 89
5 87 100
5 88 96
3 95 108
3 92 97
7 91 104
3 89 100
5 88 103
8 89 103
5 95 100
6 96 108
1 89 91
8 87 101
2 89 99
1 89 91
8 94 107
6 94 101
6 93 106
4 97 106
3 94 99
1 89 94
8 98 107
3 92 101
1 94 102
5 98 110
1 100 108
6 92 101
6 100 112
2 92 98
4 93 98
1 96 101
8 98 114
1 94 99
7 98 108
6 97 103
6 96 110
2 98 100
2 95 98
7 97 104
3 94 107
1 103 107
7 99 116
4 99 106
6 100 108
8 103 119
1 103 110
4 97 102
4 102 108
3 106 116
5 96 106
3 97 106
3 98 103
4 104 112
5 106 119
6 98 104
6 100 107
4 103 107
6 108 117
5 107 112
5 102 113
7 105 121
4 107 114
1 104 112
5 110 124
5 107 119
4 105 112
1 110 117
5 102 108
6 108 120
4 109 121
6 104 114
4 112 124
6 102 110
2 109 112
7 111 120
7 104 117
2 112 116
5 103 109
3 108 119
4 111 116
4 113 117
7 104 113
6 115 131
6 113 120
3 106 115
4 108 118
2 113 121
8 110 127
1 108 116
4 116 129
6 110 117
5 109 117
