450
20 278 299
3 268 277
12 107 127
16 871 895
4 27 36
9 130 145
19 809 833
15 739 755
14 354 376
13 636 651
5 265 279
11 622 638
20 432 458
12 666 686
10 553 565
14 505 525
9 824 837
4 587 595
10 703 718
2 792 800
16 57 79
18 672 690
10 92 104
20 565 590
15 233 251
4 236 242
1 378 382
20 787 814
2 37 41
9 20 30
4 385 389
18 69 93
16 498 515
20 382 406
3 312 320
6 779 795
3 490 493
11 372 385
1 519 529
9 425 438
5 204 217
8 791 806
11 774 791
8 76 84
6 327 343
20 309 336
20 730 757
10 853 873
6 590 600
1 679 680
4 190 204
11 848 869
12 527 543
15 871 889
13 718 741
20 704 732
16 207 232
16 101 127
11 818 837
15 349 364
14 390 409
20 509 538
3 14 27
5 133 142
11 851 870
6 556 564
1 479 488
13 176 192
16 77 102
11 316 333
18 474 498
16 20 36
14 509 523
8 323 340
6 12 28
2 33 44
11 667 678
8 282 294
7 812 828
11 423 436
2 487 489
11 167 186
8 862 876
18 389 416
10 213 231
17 664 688
2 845 856
16 619 644
10 760 773
17 861 886
6 448 457
15 412 429
13 293 313
2 487 498
12 176 190
7 623 635
10 84 103
4 226 230
16 93 110
14 540 560
17 51 78
9 784 795
15 146 163
19 18 45
4 234 243
12 827 845
6 802 808
3 323 327
20 822 850
14 470 488
18 114 139
7 506 516
3 577 588
14 575 593
20 656 676
6 27 41
6 28 35
8 82 90
1 130 134
19 566 587
13 608 627
5 134 142
10 12 32
12 93 106
20 120 142
14 101 123
8 326 344
20 341 371
10 268 279
2 39 44
19 183 205
3 459 466
3 858 865
2 189 198
4 861 868
15 702 725
17 772 797
19 799 824
7 204 212
19 869 892
10 605 624
4 265 270
8 533 542
9 698 716
5 306 312
3 655 665
9 308 324
20 704 734
11 550 564
14 476 498
14 10 34
10 660 680
12 540 552
13 460 479
20 809 833
1 221 226
6 139 149
7 720 728
4 522 527
12 698 714
9 849 858
13 88 110
14 170 184
19 328 354
2 462 465
15 540 561
11 737 752
10 269 280
18 161 180
10 574 589
18 535 560
6 552 566
17 439 462
5 62 70
11 635 652
8 438 446
17 339 358
6 575 582
11 823 844
6 493 506
17 570 593
17 614 633
16 595 614
4 809 820
2 577 582
13 69 84
2 294 300
3 417 427
17 651 670
9 787 796
15 194 213
9 223 233
17 560 577
10 165 179
19 853 878
5 376 381
16 32 57
18 605 630
11 537 558
5 457 470
10 456 469
10 685 695
20 250 270
6 656 667
6 797 810
5 577 585
1 640 645
16 51 72
20 870 896
16 405 426
13 106 122
1 639 646
9 383 395
7 276 288
7 706 716
19 575 598
1 732 734
1 334 344
5 597 612
9 126 144
8 812 829
16 362 382
5 238 248
5 653 666
20 446 471
11 99 114
14 258 279
7 467 475
14 724 746
18 641 665
5 295 303
17 147 171
19 684 708
20 277 305
7 173 184
9 476 485
4 98 104
13 346 368
12 504 526
3 322 327
19 766 791
8 539 549
4 491 498
15 758 775
17 354 376
14 440 463
10 835 847
19 584 604
7 747 760
14 466 482
18 118 137
8 447 463
13 886 899
3 498 511
5 863 868
7 625 636
3 551 557
20 649 678
14 207 230
7 842 852
12 463 485
5 235 241
13 134 153
13 854 871
13 552 565
2 884 891
14 404 425
18 38 59
8 258 273
14 270 289
15 172 195
15 798 821
7 754 771
16 371 387
9 588 600
11 464 479
4 627 641
7 534 550
6 388 395
14 667 686
5 178 191
1 282 292
6 445 453
2 543 548
9 239 248
17 86 113
15 333 356
17 652 676
17 507 532
19 275 294
1 533 538
15 525 546
19 411 433
15 832 850
19 251 278
14 115 136
18 227 253
5 848 857
8 18 34
19 311 330
7 702 712
13 783 802
15 108 131
19 574 597
14 816 834
14 470 492
18 590 615
14 410 424
7 761 774
18 548 567
6 598 609
4 435 449
1 175 177
11 763 779
12 6 19
2 576 584
3 575 581
19 644 669
18 12 40
1 388 395
1 233 237
7 494 502
11 649 660
18 372 392
14 170 190
14 292 311
2 886 895
6 601 609
14 480 497
13 168 181
4 629 637
4 603 610
2 712 719
15 724 742
4 229 239
11 459 476
3 635 640
8 88 96
7 828 844
18 159 182
2 687 698
9 805 815
19 636 661
16 833 850
13 342 355
5 541 548
19 106 133
6 442 448
9 821 840
2 748 755
13 263 278
8 473 489
3 14 19
1 590 598
9 462 475
8 94 112
5 369 376
8 103 115
14 321 342
9 721 734
14 168 183
18 172 190
9 421 439
13 682 704
10 788 798
11 630 650
5 239 250
20 369 392
1 602 607
14 120 135
19 301 321
16 58 78
5 335 350
2 723 732
8 678 696
12 181 197
11 342 357
11 249 268
17 107 131
16 427 445
1 282 283
6 137 149
1 415 422
10 790 805
6 50 63
20 878 908
12 888 906
8 351 368
16 877 897
11 380 401
10 199 218
11 311 330
15 427 448
17 507 525
13 799 822
14 151 169
16 179 196
6 654 670
19 223 245
1 390 392
3 359 372
12 34 48
1 275 278
13 789 804
11 793 804
11 883 896
7 387 396
8 324 341
15 244 264
8 249 259
18 376 404
19 469 496
12 527 541
18 308 334
8 387 395
19 68 90
16 190 209
1 5 10
20 833 853
2 607 618
3 515 527
11 852 863
1 200 201
15 336 353
7 505 520
17 389 414
9 881 898
2 642 644
6 393 406
5 218 225
16 545 571
5 155 162
9 848 857
12 644 656
1 472 482
9 19 31
6 653 669
7 842 849
4 286 294
6 883 895
8 463 476
5 433 441
5 812 817
10 51 70
7 296 304
18 245 265
12 275 296
7 191 203
3 852 865
8 786 794
