500
2279 3498 8288
3391 4309 11268
2575 4444 10066
1465 3641 6991
1147 2936 4586
1492 1704 4793
1932 4499 7991
1498 2313 5967
4973 742 8140
2399 1660 6467
3524 1556 5394
3107 2707 7149
370 570 1308
334 3788 6099
188 3119 8012
3195 4676 10789
2912 2866 6010
2986 479 5180
4997 4262 10372
4562 555 8452
2437 3043 8014
3245 475 7437
2831 932 5494
1158 203 3818
3046 1591 8706
776 1608 6236
2349 4542 11604
2997 4403 8239
1249 4940 8034
1196 3134 6347
2271 4510 7670
4497 708 9724
3896 3563 8750
4580 3328 10609
3437 3119 8627
2780 1581 5162
568 2380 3093
2366 1031 3964
4332 846 9523
1501 3566 7063
1285 4543 10419
1357 4929 7083
3524 2102 8983
767 3151 5167
2514 3773 8283
1276 3250 8255
4905 4592 10927
2485 1737 5460
1786 2542 7229
606 3464 7830
4901 1665 10387
3006 4185 11126
2347 749 6750
2379 3174 8287
2332 2847 6960
4333 2149 10931
2038 1071 6078
2752 2680 6140
1408 867 2403
1238 4115 6347
3058 1552 6652
775 2941 4981
1605 1629 7323
4712 718 8542
1743 1882 4430
4904 3619 8748
4203 3233 8554
774 4630 5685
3668 4767 12153
2074 3045 6726
4635 2444 12032
1669 4662 8464
3122 4919 10629
1542 1291 4656
1235 4922 11118
2241 2673 5892
2763 2691 8878
1470 4815 7821
2760 4111 8595
1572 4621 6398
4138 2498 6913
4715 1198 7911
4842 245 8292
2434 69 6119
1151 3695 5635
1657 4280 9035
1956 4324 6833
2610 4704 8770
14 1336 2777
315 1176 1812
2886 1365 7589
477 264 3691
4774 2513 9373
194 4649 5747
1568 4580 10327
1256 4028 6320
281 3690 7193
2682 4860 11875
2518 4558 8564
4573 1128 5772
3925 209 6585
1579 1938 6651
1853 751 6564
1681 1077 7335
2302 1728 7269
4479 2859 12111
2316 590 6057
3005 1325 6976
1736 2820 7684
2932 3531 9490
1116 4083 7562
3989 3247 9984
3984 951 9708
2360 4025 9502
2705 1094 7191
4188 2679 8990
4588 2497 8681
546 2323 5286
2229 900 4757
2731 1904 7772
466 3764 5266
1881 2689 6250
3054 3586 8638
588 1825 6274
412 4951 6970
1355 2795 4640
955 674 6037
1486 3209 5666
1734 4414 8178
4066 4677 11153
4340 4443 9755
4323 2108 8402
1352 3204 5871
1827 4734 7264
4882 1037 8201
3046 1673 7868
4972 4380 10288
819 3830 7768
2665 4837 10885
3556 2354 10271
15 3767 7927
3716 1386 8113
4943 3422 9131
569 3147 7529
1498 491 5301
4214 810 9726
3481 2659 10508
1893 2655 7611
1321 2260 4021
3301 4798 8616
1555 2543 8679
3053 903 8729
4139 4386 11488
1746 2196 4514
421 1132 2237
4583 3935 10096
1688 584 6878
1162 867 3904
3944 2107 9873
943 4258 7538
1069 118 2169
4244 2387 8581
2086 460 5688
4417 1380 10377
1363 3785 10134
1319 149 3579
4555 284 5693
724 3137 5365
3332 3324 7558
2427 3550 9919
1276 1330 5030
4376 4942 9670
1070 1437 3773
622 4816 10268
4695 2418 9926
3655 1691 6526
1479 1168 5317
1719 3739 5717
2699 1124 7942
1472 229 4291
1461 1976 7514
587 3097 6579
3548 2745 10736
2835 3133 10692
4418 1690 6482
1548 2428 7089
1313 1955 6615
933 4114 9844
4351 528 5090
2631 260 5020
176 4276 4895
4396 3162 11947
4232 1065 6219
2559 729 5115
4615 2783 10948
3838 631 4653
2616 3514 9080
1823 109 4618
30 1952 2983
2485 781 5421
2658 4504 8826
1265 76 2182
188 656 3832
2963 199 7713
3819 2258 10121
4480 2328 9512
4843 3375 9442
4025 2662 9216
3577 2226 9351
1495 3395 8568
2631 220 3897
3115 4521 12393
3003 2023 8595
1969 4138 8987
2865 2133 8126
1469 4733 8046
1983 2188 6964
1133 4141 6040
4400 3059 7638
2819 1061 4196
1435 1329 7703
1943 1508 7867
4871 1204 9351
106 4080 5777
4990 3833 9078
3199 2328 7436
4062 490 5732
2767 4568 12205
1952 2892 9395
2321 2314 9137
2766 364 5922
4230 3160 8376
4132 1053 6517
1318 713 2588
2399 2161 7433
528 938 4500
2274 2847 9893
1770 193 2779
1816 1114 4350
60 1038 2119
1129 3406 5568
3740 3200 10092
2594 3400 9446
807 3301 8463
2118 3648 6857
4400 2498 8277
2352 2777 8637
3200 3417 8332
207 4613 8505
2321 4933 9468
4551 2390 7475
2613 2932 9361
2324 4857 10696
2673 1796 8245
2605 2537 7316
2521 1669 5644
2849 3983 11001
3741 3321 7861
3635 3912 12320
4782 825 8007
139 424 1140
1170 4563 8824
4896 2939 9055
4930 3934 12446
4881 856 8853
4563 2962 11904
173 2697 7533
3497 457 7283
2776 3906 7266
4197 135 8719
2852 2203 5855
1109 4864 9283
542 1938 7302
4070 552 7677
2999 3518 9089
287 3009 4616
4188 907 5776
3117 3035 7590
3574 4915 12849
4989 3155 12659
3510 2322 5842
4332 937 7228
4993 1304 10104
1275 1402 3209
1073 4675 7755
2207 3718 7551
1137 1687 5732
963 4704 8559
1893 3181 5720
3870 2751 8382
2175 924 5201
4653 939 10467
3923 4240 10083
918 2972 6184
3717 2247 6712
800 1622 3940
2714 3013 6048
71 2006 7006
4862 722 8278
3256 3531 9643
4411 4112 9857
1723 698 5075
2222 1472 7321
2871 1539 6066
3581 787 4728
4471 4881 13650
407 2172 5653
1482 111 4907
2581 1202 5031
330 2288 3642
3577 4520 12756
618 4324 8046
1178 3867 9749
2275 2632 6778
4649 412 8023
255 2721 4976
2344 3893 10908
2021 1955 7728
2877 4609 11387
61 1923 6378
2562 475 4578
1052 2269 8060
1599 4991 11043
3799 4140 10886
3207 4082 11714
1455 1508 6944
966 4924 7765
2404 3517 10375
4335 2774 10723
3587 2016 5817
1724 4664 9308
473 929 4619
1156 820 4512
3975 2779 11046
3070 4149 7333
2232 1021 7524
1983 3177 7957
4741 271 8953
3421 100 7343
1057 3761 5402
3077 1625 4851
4483 4402 12400
4241 3872 11172
3833 2191 6465
2674 2797 5591
4655 2544 7503
2835 4568 11131
2818 3113 8781
4249 1226 8176
461 2206 6513
4296 1210 8368
3206 3837 8543
4862 1270 9517
4199 1899 10275
3729 228 7499
3479 175 5072
540 590 1341
4260 3922 9774
3774 81 4607
4909 2608 8611
4841 955 9552
1435 2807 4983
998 3962 6995
1649 3200 9665
471 1298 5995
3156 756 8312
4888 1491 7699
714 4711 9772
3038 1875 5848
917 1126 3962
85 101 683
2685 2675 8228
3538 2118 7790
3998 460 4463
1516 1651 4885
2577 2404 7486
4524 2641 11311
2561 429 6657
2238 4052 7773
2432 931 3565
198 3475 8366
2903 2428 9362
635 3052 7246
4807 2681 8977
2827 2912 8016
1785 1131 6290
1037 1727 6597
324 4660 9063
1055 345 2049
4544 3478 10338
3350 2216 9194
3929 2904 10868
2612 178 3723
3315 187 6227
4266 3538 10136
3122 3594 8742
1347 2806 8487
2970 612 5016
1965 357 2577
2245 4202 8636
4703 22 8335
3787 2998 11273
4246 4767 13289
3763 1404 6284
1965 2291 5517
3527 293 8044
1479 4722 6929
4154 4677 10489
868 106 1002
2292 2633 6997
3243 238 6333
504 4786 6666
3689 4390 9122
1090 3033 8889
3085 2943 9595
4661 122 5016
1579 3776 5534
2984 2742 10044
436 3524 7726
2852 4761 10929
4670 278 7952
3917 3563 8190
1341 4706 7749
2698 3918 10937
1065 1472 3940
2237 464 6603
308 1161 2940
3402 3168 10380
1918 1491 4601
110 846 2257
4841 3982 12963
1186 4265 9179
4695 1328 8574
2881 7 3712
1355 4677 8835
4939 4051 11489
1674 52 1914
583 374 2758
3565 4966 12756
2314 349 3256
3019 3997 11760
1501 4073 7677
2749 3643 10235
4909 1448 7386
4196 3005 9182
2367 1474 6995
4121 3610 11765
1550 2695 4491
2337 1948 7478
425 4942 9763
3384 110 4316
229 1334 5862
4414 1963 7895
641 3972 9433
4645 1087 7738
4471 1122 9241
2005 3297 6089
1116 1055 2681
484 1476 2752
4227 2503 9735
2293 3141 7911
2830 1932 8101
4802 4286 12573
335 4063 9040
4994 1918 10536
1614 826 4612
4958 2133 8893
288 3717 6926
2219 3498 6911
1730 963 5875
1151 466 5208
492 1346 3086
274 1562 6434
361 1956 7118
4778 3081 11508
2276 4853 9229
1185 2649 5211
2366 4223 10507
3917 1587 8264
3988 3893 10808
2220 2770 5935
1788 952 7673
499 3273 4680
2261 1936 6166
2075 3675 9588
3611 3252 8439
643 4116 8563
2826 1683 5086
52 4615 7407
590 1106 2414
4450 2399 8835
1996 756 4823
4650 94 8738
1564 4421 10189
4167 1160 7462
127 3940 8197
2657 461 4599
1236 2949 8719
1671 2504 6338
173 3016 7284
