200
57 3601 3732
94 3917 4040
13 2976 3002
89 3882 4076
23 3829 3884
114 2386 2616
24 2415 2462
72 3124 3240
71 1832 2004
74 1320 1441
110 1312 1526
45 1712 1784
33 1089 1125
104 3874 4009
43 3429 3529
37 3666 3756
75 1694 1855
26 1437 1501
37 3200 3262
35 1892 1936
6 2586 2592
46 823 877
69 452 584
5 3095 3101
82 1459 1581
4 2279 2285
92 1280 1494
103 2008 2230
5 1622 1632
83 506 663
60 2435 2536
37 3640 3678
96 1328 1442
34 2831 2893
118 3082 3276
66 713 798
85 3664 3845
58 3201 3273
123 41 229
26 1139 1179
71 1809 1964
126 1520 1730
52 2686 2788
35 2686 2726
102 820 1057
57 1835 1909
95 2237 2392
121 3633 3891
111 1593 1819
62 2566 2682
23 3643 3690
10 1791 1803
97 3873 4046
97 3963 4122
121 3086 3343
55 3422 3520
9 2343 2354
98 2287 2474
21 3218 3252
118 3332 3501
60 3399 3526
116 1867 2085
107 1082 1257
25 2590 2647
91 1643 1795
112 2184 2458
111 2473 2665
45 3711 3762
22 1236 1267
108 1515 1661
127 2265 2398
89 509 605
12 1189 1215
95 640 795
27 2725 2765
22 566 603
42 1370 1429
68 1977 2047
114 2340 2461
123 3046 3226
70 1005 1137
43 1114 1216
41 3488 3546
96 2960 3099
62 369 481
25 1431 1460
73 2379 2489
84 45 156
31 723 794
65 3600 3724
86 2912 3057
25 1537 1574
26 261 310
78 788 876
17 1384 1418
57 1850 1979
95 1364 1511
8 1788 1798
39 3541 3621
9 516 531
74 1194 1369
115 3600 3878
99 38 147
51 513 587
16 929 949
41 3545 3606
32 3163 3201
102 1443 1627
11 1327 1339
95 2441 2586
86 3349 3505
89 1709 1812
48 877 972
21 750 791
30 1585 1625
102 2646 2867
70 2736 2900
1 1113 1114
73 207 326
109 1440 1584
42 1897 1949
48 3601 3655
40 3162 3229
97 2163 2288
112 3938 4127
39 3268 3320
31 297 359
25 408 451
26 3159 3202
37 1212 1280
109 2407 2619
11 1917 1944
85 2328 2503
128 1675 1922
124 1417 1622
112 1748 2017
123 2175 2427
130 2319 2641
108 1489 1735
45 656 740
91 2847 2981
26 673 726
106 1928 2112
120 2705 2951
9 2474 2484
37 498 549
88 3575 3771
69 3782 3882
75 1975 2064
67 135 202
7 747 759
3 3583 3588
39 3415 3471
109 680 946
33 2822 2863
90 3680 3816
28 1157 1216
116 488 660
22 1898 1952
38 2927 3002
112 3836 3956
74 2255 2345
105 3642 3861
20 1255 1295
56 500 599
89 2279 2376
36 1720 1784
17 2507 2542
74 2456 2583
14 1087 1119
9 843 860
84 2757 2917
99 3807 3963
112 2629 2908
2 1892 1895
3 1988 1993
117 641 882
67 1647 1717
107 3866 4035
87 202 317
3 3259 3265
66 959 1113
38 484 562
120 2990 3204
61 1207 1304
81 2964 3155
80 3221 3371
3 2278 2282
12 3963 3982
42 1533 1576
26 2049 2080
31 27 98
75 2683 2869
65 631 780
1 1073 1074
57 3639 3697
20 3034 3064
74 966 1050
103 1496 1725
77 1613 1729
