150
1 110 112
18 237 260
4 120 127
9 42 53
1 27 31
17 43 65
11 10 22
16 163 181
5 164 173
19 186 205
15 233 251
16 159 178
20 96 121
11 199 215
10 92 106
14 267 284
4 198 205
12 187 200
3 76 82
7 25 34
4 225 233
2 355 360
5 11 21
4 169 173
19 68 89
13 332 346
17 17 39
17 244 261
8 36 46
2 92 97
5 176 184
8 138 147
18 236 257
16 345 363
1 363 365
8 147 158
12 144 156
17 151 173
16 5 22
2 271 276
8 67 75
18 349 370
2 181 187
3 14 19
1 145 149
9 39 51
15 286 301
12 221 233
13 315 331
5 151 159
17 200 221
20 347 372
16 111 129
12 78 93
11 181 197
17 342 362
11 229 245
19 26 50
16 105 124
10 48 63
11 221 234
1 3 8
13 65 83
10 344 354
13 128 142
11 61 74
8 198 209
6 84 92
20 141 163
2 271 273
16 41 57
20 78 98
19 56 75
17 14 32
13 71 84
9 285 295
2 113 119
18 42 60
15 157 173
17 102 121
16 5 21
6 348 358
20 225 249
4 315 324
4 182 190
5 17 23
8 169 181
9 127 141
13 21 35
6 47 56
4 47 53
16 287 305
20 357 380
11 316 328
6 343 354
3 339 343
4 309 314
11 20 36
4 142 148
19 28 49
19 292 313
2 26 28
14 74 90
14 108 126
5 162 171
6 50 60
9 249 261
1 256 257
19 72 91
7 111 120
10 98 111
10 282 293
1 155 157
18 57 79
12 14 27
6 116 127
10 284 298
13 33 49
6 287 293
1 123 127
6 157 168
16 54 73
8 370 383
19 209 231
5 224 231
4 356 365
6 9 17
6 331 342
13 14 27
9 123 132
15 241 261
7 13 21
9 92 106
9 241 255
3 102 109
17 12 30
14 68 83
10 120 134
17 26 48
18 145 166
17 171 190
12 9 21
9 120 132
6 151 160
4 287 291
2 177 179
8 67 80
14 141 156
1 113 116
13 26 41
