500
10 0 14
3 2 7
2 0 4
7 1 12
6 1 8
1 1 6
9 3 14
5 3 9
5 2 11
2 4 8
9 4 14
2 4 7
7 3 11
1 4 9
8 4 15
4 4 12
2 5 9
1 5 7
6 6 16
7 6 15
6 6 13
7 6 17
5 6 13
10 6 17
10 7 21
5 8 15
7 7 15
2 7 10
7 9 18
7 9 20
3 9 13
2 7 12
4 9 15
2 9 13
5 9 15
4 10 17
4 9 16
8 9 21
3 9 13
6 10 18
4 11 17
4 11 16
3 12 16
1 11 16
10 11 23
10 12 26
7 13 22
3 13 18
8 13 24
10 14 26
10 13 24
6 13 20
7 14 23
1 14 17
5 14 22
1 14 19
8 16 25
8 15 27
2 14 17
4 17 25
7 15 24
9 17 28
8 15 27
9 15 25
10 16 29
9 17 29
9 17 29
10 17 29
5 18 27
1 18 23
9 18 31
3 18 24
9 19 29
7 19 30
9 20 32
5 21 29
2 21 24
1 20 23
8 20 32
8 22 33
6 21 31
2 21 26
5 22 31
5 22 29
10 23 35
10 22 34
8 22 31
8 22 34
2 24 29
8 23 32
2 23 26
10 23 36
8 24 36
10 24 38
9 24 36
1 24 29
4 24 29
3 26 30
3 24 29
5 25 31
6 25 34
2 27 32
5 25 34
10 27 40
4 26 34
4 27 35
2 28 31
5 28 34
7 28 37
9 29 42
3 28 32
5 29 38
9 30 40
4 30 38
2 29 33
10 30 42
7 29 40
6 30 39
4 30 38
7 31 40
7 30 40
2 30 35
3 31 36
2 30 35
10 31 44
10 31 42
10 32 45
6 34 43
8 34 43
7 32 42
4 32 40
4 33 40
10 34 46
9 35 45
6 35 44
4 36 42
2 36 39
1 35 40
6 36 44
9 35 48
1 35 37
6 36 43
1 36 38
8 36 45
2 36 42
4 37 42
10 36 47
2 38 41
2 39 43
8 38 49
3 39 43
7 38 46
9 38 48
1 38 41
8 40 52
1 40 42
7 39 49
7 40 48
6 41 48
1 41 45
3 41 47
7 40 51
6 40 48
2 42 47
3 42 47
2 41 45
4 42 47
9 42 54
6 43 53
1 44 47
6 44 54
6 43 50
2 43 46
10 44 58
8 43 53
6 45 54
3 44 48
7 46 54
9 46 56
4 45 51
9 45 56
6 46 53
6 45 55
8 48 58
8 47 59
2 47 52
6 48 57
8 47 56
10 48 62
8 47 58
1 48 50
4 50 57
3 49 53
10 50 64
7 49 57
2 50 53
9 50 60
4 50 57
9 51 64
6 50 59
10 51 63
7 50 60
7 51 59
10 52 65
4 52 57
7 52 62
3 53 59
1 52 56
3 53 60
6 53 63
6 54 64
10 54 65
2 55 59
9 54 65
2 55 59
8 54 66
3 54 58
10 55 66
7 54 64
7 54 65
4 56 62
8 55 66
8 55 64
1 57 59
5 57 66
5 56 64
3 56 62
10 58 72
9 58 68
8 57 67
7 57 67
2 59 63
4 58 64
6 60 68
10 60 73
8 59 69
9 61 73
5 60 66
5 59 67
3 60 64
6 61 70
9 61 72
1 62 64
10 62 73
4 62 69
7 61 70
7 61 69
5 63 71
7 63 72
4 62 67
8 64 75
6 65 75
8 64 76
3 64 69
9 65 76
5 64 72
10 65 76
7 66 75
10 65 78
7 66 76
8 65 76
3 65 72
9 66 76
8 66 76
10 66 80
7 68 79
10 67 79
1 67 69
2 67 72
4 68 76
7 69 80
2 68 71
10 69 83
8 70 81
5 69 77
5 68 74
1 69 72
5 70 78
10 71 82
4 70 77
3 71 77
9 72 83
4 71 79
3 71 76
4 71 78
9 72 82
3 72 79
10 73 84
4 72 79
5 72 81
7 73 84
3 74 80
9 73 85
4 75 81
10 73 84
1 76 79
10 74 85
6 75 85
4 74 80
3 75 82
7 75 83
6 75 83
10 77 89
10 77 89
4 77 83
4 78 83
5 77 84
1 78 80
4 78 86
1 79 84
2 78 81
10 78 89
9 78 91
2 80 83
4 78 83
3 78 84
1 80 85
4 79 85
5 80 86
10 82 94
6 82 90
1 82 85
3 80 84
2 82 86
1 81 86
7 82 92
4 83 88
6 83 91
6 83 93
8 84 93
7 84 92
2 83 88
2 83 89
8 84 93
10 83 96
8 85 97
7 86 97
6 84 91
5 85 92
8 85 95
2 85 91
7 87 96
5 86 92
4 87 93
8 87 97
4 87 92
3 88 94
10 88 101
1 88 91
7 88 99
9 89 101
4 88 94
4 89 95
6 89 99
9 89 100
7 89 100
4 89 95
10 91 104
1 90 95
5 91 97
1 91 96
9 91 101
5 91 100
2 93 99
8 92 101
3 93 98
8 92 101
9 93 103
2 92 97
2 92 95
1 93 98
8 94 106
4 95 101
10 94 106
5 94 102
5 95 104
3 94 99
7 96 104
9 95 107
5 96 105
1 97 100
6 95 105
3 96 102
5 97 106
9 97 107
7 97 106
9 97 108
9 97 107
1 98 103
9 99 112
6 99 107
2 98 101
2 99 103
4 99 104
4 98 103
5 99 108
10 101 114
8 101 111
4 101 107
3 100 107
4 100 106
7 100 108
6 101 109
7 101 112
3 102 106
6 101 108
1 102 106
3 102 109
7 103 114
9 102 114
4 104 111
3 104 108
8 104 114
5 105 112
5 104 110
6 104 111
10 106 120
7 104 114
10 106 120
10 105 117
5 107 115
7 107 115
2 106 110
9 106 119
4 107 114
2 108 114
8 108 119
6 108 115
8 108 117
7 108 119
4 109 115
10 108 120
10 108 119
9 110 122
5 109 118
6 110 117
7 110 121
3 111 116
1 111 114
2 111 115
4 111 118
7 111 120
3 111 116
5 113 119
10 113 126
2 112 118
9 113 125
7 112 121
7 112 122
5 112 119
1 114 118
1 113 115
3 114 119
7 114 125
1 114 117
3 114 120
7 115 124
3 116 120
9 115 128
8 115 127
10 117 129
3 116 120
1 117 119
3 117 122
6 117 124
6 117 127
7 118 127
3 117 122
4 118 126
9 119 129
3 118 123
3 119 126
10 118 129
3 120 127
3 120 124
8 119 128
5 119 126
7 121 130
5 121 129
10 121 134
7 120 129
8 121 132
6 121 128
7 122 133
1 123 128
7 123 131
8 122 134
2 122 126
6 124 134
9 124 135
3 124 130
3 124 129
10 124 136
10 124 135
4 123 131
1 125 127
7 125 133
8 126 138
2 126 130
3 126 133
