150
1 1 4
7 2 11
9 1 11
8 2 12
7 1 11
4 1 7
1 1 3
6 3 13
7 3 13
5 3 11
7 4 14
6 4 11
10 3 16
3 3 8
1 4 6
7 5 14
7 4 13
8 4 13
4 6 11
4 5 10
3 7 14
3 7 12
7 7 18
5 7 14
9 7 19
7 8 16
7 6 16
9 8 18
3 8 12
9 7 18
2 7 10
10 10 23
6 8 15
6 10 20
2 8 12
2 9 14
1 9 14
2 9 12
9 11 24
2 10 14
10 11 24
2 10 15
7 10 19
9 12 25
1 12 14
8 11 23
1 11 13
5 13 21
4 13 19
10 13 25
9 14 26
1 13 16
1 15 19
9 14 26
10 13 26
8 14 23
4 14 19
9 14 27
4 16 22
8 16 28
6 16 23
1 16 21
5 16 23
1 16 21
4 16 21
6 18 25
9 18 31
10 17 30
7 18 29
10 18 31
9 19 29
10 18 32
3 19 23
9 20 33
1 19 23
8 19 30
1 19 22
1 21 23
9 19 31
3 22 28
3 20 26
8 20 30
10 21 33
3 21 26
7 22 33
7 23 33
3 23 30
6 21 31
1 22 25
10 24 36
7 24 35
5 23 30
9 23 33
4 23 31
1 25 29
6 25 33
5 24 30
1 26 28
10 26 39
1 26 31
1 27 30
8 26 37
9 26 38
4 26 34
3 28 33
9 28 40
8 26 36
4 27 32
5 29 36
4 29 35
3 29 33
1 27 29
2 29 34
8 30 39
5 28 36
4 31 36
1 30 32
6 31 38
8 30 42
6 31 41
8 32 43
9 32 42
1 32 37
7 32 43
10 32 44
3 31 35
3 32 36
5 34 41
2 33 39
3 33 37
7 34 44
6 33 43
2 34 40
2 34 38
2 33 36
1 35 40
5 35 42
7 34 44
3 36 42
10 35 48
10 35 48
4 37 45
7 35 45
4 36 44
8 36 47
8 38 48
7 37 45
9 39 51
7 38 47
4 39 44
