350
8 14 22
7 14 21
5 16 21
2 16 18
9 17 26
15 20 35
19 28 47
13 41 54
15 49 64
15 52 67
14 54 68
18 64 82
8 79 87
3 86 89
9 86 95
8 89 97
3 91 94
13 91 104
4 100 104
4 100 104
7 100 107
11 103 114
3 104 107
17 104 121
14 112 126
14 121 135
13 129 142
10 130 140
6 137 143
9 137 146
2 142 144
12 142 154
3 147 150
3 147 150
6 148 154
16 153 169
5 164 169
17 164 181
3 171 174
13 173 186
1 175 176
13 175 188
2 176 178
2 176 178
9 177 186
8 177 185
16 184 200
2 192 194
17 193 210
10 193 203
3 202 205
13 203 216
13 208 221
11 210 221
4 219 223
15 221 236
1 235 236
6 235 241
15 235 250
8 236 244
16 243 259
18 243 261
15 260 275
13 271 284
2 278 280
15 279 294
6 292 298
13 293 306
11 305 316
12 308 320
18 316 334
4 328 332
6 329 335
15 330 345
8 340 348
4 342 346
15 344 359
17 358 375
8 362 370
15 367 382
9 377 386
14 381 395
8 383 391
12 390 402
3 396 399
5 398 403
4 400 404
5 403 408
13 406 419
17 408 425
18 408 426
6 415 421
2 417 419
4 418 422
15 420 435
15 433 448
5 445 450
15 449 464
14 453 467
18 456 474
19 462 481
13 466 479
5 478 483
15 479 494
5 489 494
14 491 505
17 503 520
18 512 530
6 513 519
8 515 523
6 518 524
18 523 541
9 529 538
7 537 544
5 539 544
13 542 555
11 554 565
3 556 559
14 558 572
11 568 579
1 578 579
18 578 596
14 590 604
11 595 606
9 600 609
10 608 618
18 617 635
14 628 642
9 630 639
7 636 643
4 636 640
5 638 643
5 638 643
14 639 653
18 651 669
7 653 660
16 653 669
10 665 675
3 672 675
13 673 686
3 680 683
6 680 686
5 684 689
1 687 688
13 687 700
8 689 697
9 692 701
1 695 696
1 695 696
6 695 701
4 700 704
17 701 718
15 701 716
17 702 719
6 708 714
4 708 712
1 708 709
18 708 726
10 719 729
16 720 736
17 735 752
8 740 748
19 740 759
19 752 771
5 762 767
5 764 769
10 764 774
14 765 779
5 768 773
13 768 781
19 778 797
11 788 799
9 794 803
19 795 814
19 809 828
2 825 827
10 826 836
2 835 837
8 835 843
9 836 845
3 840 843
15 841 856
18 841 859
1 847 848
14 847 861
4 849 853
3 851 854
16 853 869
13 867 880
5 868 873
7 870 877
4 870 874
11 870 881
1 878 879
16 878 894
8 884 892
13 886 899
3 898 901
17 898 915
3 907 910
14 907 921
3 910 913
17 912 929
15 919 934
5 919 924
1 923 924
11 923 934
11 923 934
8 929 937
19 931 950
16 940 956
16 943 959
10 943 953
16 950 966
6 963 969
17 967 984
4 968 972
12 968 980
18 970 988
2 972 974
6 973 979
8 976 984
5 979 984
2 979 981
12 980 992
6 990 996
7 991 998
13 995 1008
8 1003 1011
16 1005 1021
19 1005 1024
18 1006 1024
4 1011 1015
18 1011 1029
16 1028 1044
10 1040 1050
1 1040 1041
7 1040 1047
18 1041 1059
14 1047 1061
12 1058 1070
12 1069 1081
4 1075 1079
15 1075 1090
5 1087 1092
3 1089 1092
1 1090 1091
16 1090 1106
4 1102 1106
5 1103 1108
1 1106 1107
14 1106 1120
19 1114 1133
5 1130 1135
7 1133 1140
6 1137 1143
10 1137 1147
5 1140 1145
4 1143 1147
1 1146 1147
19 1146 1165
19 1157 1176
6 1167 1173
9 1169 1178
14 1175 1189
13 1181 1194
2 1191 1193
13 1191 1204
6 1195 1201
7 1200 1207
4 1206 1210
11 1207 1218
17 1213 1230
5 1218 1223
16 1218 1234
17 1219 1236
16 1233 1249
19 1242 1261
2 1256 1258
10 1257 1267
2 1260 1262
11 1260 1271
9 1265 1274
6 1268 1274
12 1270 1282
12 1274 1286
14 1279 1293
2 1284 1286
6 1284 1290
8 1285 1293
17 1288 1305
9 1298 1307
7 1305 1312
16 1308 1324
15 1323 1338
14 1337 1351
10 1346 1356
7 1346 1353
3 1349 1352
14 1351 1365
10 1358 1368
7 1361 1368
11 1366 1377
19 1369 1388
1 1387 1388
13 1387 1400
18 1387 1405
9 1394 1403
8 1400 1408
15 1404 1419
6 1415 1421
15 1416 1431
5 1419 1424
5 1423 1428
4 1423 1427
19 1426 1445
10 1440 1450
3 1446 1449
6 1447 1453
14 1448 1462
4 1458 1462
5 1459 1464
6 1463 1469
5 1464 1469
15 1466 1481
2 1480 1482
12 1481 1493
17 1491 1508
9 1504 1513
14 1510 1524
7 1512 1519
17 1518 1535
1 4 5
11 4 15
19 8 27
11 13 24
19 22 41
14 30 44
15 32 47
10 36 46
17 38 55
10 44 54
3 49 52
11 0 11
19 0 19
13 6 19
5 18 23
17 22 39
17 27 44
15 42 57
