350
156 20 202
143 174 351
171 123 298
44 170 247
286 143 432
50 23 93
101 137 259
317 2 350
170 167 363
16 173 220
270 21 321
296 2 331
67 29 126
232 7 268
176 41 224
157 165 327
26 50 85
262 85 356
290 27 322
33 122 158
313 134 460
283 148 457
122 93 223
240 26 275
289 49 363
77 106 214
192 152 376
119 55 194
341 47 400
33 15 68
225 144 372
171 10 182
289 136 436
227 110 339
306 159 479
132 63 226
19 105 128
39 26 69
340 30 383
257 159 417
117 58 182
247 124 394
178 111 317
7 109 124
347 173 546
259 149 431
323 47 374
236 105 367
7 110 135
129 141 272
309 21 364
346 93 466
228 51 298
186 17 214
64 150 220
313 17 346
61 5 92
143 114 258
79 156 262
225 63 299
104 63 185
179 88 283
225 83 332
175 25 219
314 166 480
314 154 475
11 102 139
45 130 181
66 168 259
273 120 425
320 57 403
136 136 293
307 164 483
345 78 428
116 131 267
266 72 372
322 75 420
125 24 159
223 144 396
91 148 268
24 18 69
346 20 382
188 154 347
85 135 236
320 98 452
325 166 525
76 1 84
111 40 163
272 43 341
93 117 228
172 148 347
96 93 205
238 174 432
41 80 136
10 20 49
40 52 93
56 144 201
122 51 188
132 10 157
348 155 511
6 104 113
202 61 277
101 153 278
271 41 326
275 147 453
69 73 158
267 112 400
198 158 369
285 41 359
59 31 117
76 104 205
306 138 457
3 85 92
31 150 201
36 37 84
257 155 412
87 109 209
130 158 321
311 163 505
296 55 374
343 130 487
170 120 314
224 22 248
147 89 269
116 84 218
57 137 201
265 33 313
329 133 462
60 52 123
129 168 322
322 80 409
40 84 149
63 162 235
152 33 194
267 166 459
144 1 155
62 141 205
172 89 291
313 76 410
333 71 419
295 156 456
305 69 380
101 156 276
250 132 411
81 30 132
198 150 361
335 112 456
258 97 356
88 164 267
317 107 447
340 155 497
273 120 402
252 169 422
173 4 206
109 95 222
35 24 67
136 18 161
263 6 278
125 172 322
184 57 257
242 164 436
130 41 203
256 167 449
118 73 191
158 7 187
322 132 473
34 31 97
196 23 219
31 71 107
48 68 138
94 31 138
228 73 306
86 24 111
213 153 380
51 155 217
309 98 413
291 17 319
165 79 248
130 168 309
55 30 116
149 59 240
251 81 338
71 56 153
78 38 138
190 24 244
153 3 167
321 35 380
153 59 229
340 116 460
328 2 334
102 60 164
314 2 333
17 29 53
230 164 407
86 61 172
173 160 366
302 94 427
276 78 369
338 111 473
209 39 251
343 12 374
32 103 143
6 122 135
108 157 272
157 59 230
34 13 47
128 112 261
186 76 286
321 54 398
294 75 374
242 120 366
53 57 119
256 130 415
298 112 444
228 127 372
53 16 91
87 149 238
221 70 309
275 149 425
134 37 205
125 118 268
72 112 215
310 6 321
311 161 489
146 26 173
50 145 211
70 108 206
162 164 343
98 138 241
192 23 246
74 115 190
303 44 358
300 84 389
1 81 94
149 76 235
192 149 354
114 112 236
344 54 412
215 56 275
272 43 339
45 33 87
44 109 181
159 90 250
211 17 231
304 67 405
328 9 337
280 131 438
212 150 368
28 41 85
261 39 319
138 117 278
310 81 413
327 24 357
25 130 162
30 160 197
171 167 372
299 163 473
221 38 266
297 121 444
217 0 225
256 124 398
55 165 227
181 128 337
325 123 458
208 80 317
201 108 341
130 106 249
123 174 307
174 115 304
226 19 268
25 130 161
6 113 153
85 172 273
123 96 250
89 144 254
94 135 247
277 165 446
34 124 178
130 46 209
148 156 309
45 4 54
348 159 541
274 8 302
214 171 394
60 27 97
300 65 390
347 39 406
330 113 453
166 34 228
5 111 117
134 71 230
35 156 193
270 44 315
349 145 503
15 106 132
117 64 189
3 108 111
153 134 319
333 27 377
266 162 444
64 114 194
232 101 336
58 142 211
131 91 237
121 123 251
281 107 401
242 36 281
183 75 259
298 80 390
150 88 244
156 7 196
183 157 349
140 16 181
350 89 448
189 14 208
91 15 117
91 127 220
9 61 73
53 68 127
291 124 427
211 77 307
289 3 317
321 8 362
251 44 305
133 106 254
306 59 399
122 139 295
56 86 171
300 100 403
70 89 191
261 29 314
129 13 163
69 109 191
300 84 416
112 60 194
295 62 381
229 55 301
349 12 389
231 54 296
211 142 365
187 22 227
305 61 396
325 161 495
166 35 215
181 156 355
192 90 308
266 103 396
296 27 340
100 35 155
100 121 225
