250
12 7 19
10 14 24
16 14 30
9 22 31
11 28 39
1 30 31
2 30 32
16 31 47
5 39 44
8 39 47
2 45 47
1 46 47
13 46 59
15 49 64
3 56 59
16 57 73
10 61 71
12 65 77
10 75 85
17 75 92
8 78 86
15 83 98
7 87 94
13 90 103
7 91 98
16 92 108
18 97 115
4 111 115
4 113 117
18 114 132
9 131 140
13 136 149
11 140 151
17 147 164
3 158 161
4 158 162
5 159 164
10 161 171
6 167 173
12 169 181
9 180 189
10 180 190
19 187 206
15 197 212
2 206 208
7 207 214
17 208 225
10 210 220
5 213 218
9 215 224
16 216 232
16 225 241
12 231 243
16 238 254
10 250 260
3 252 255
17 254 271
15 270 285
8 284 292
5 290 295
12 292 304
14 17 31
19 19 38
18 31 49
17 31 48
15 33 48
15 38 53
3 47 50
8 48 56
18 52 70
3 55 58
6 57 63
19 62 81
10 64 74
3 71 74
2 71 73
3 71 74
8 71 79
18 78 96
15 92 107
15 105 120
4 105 109
8 106 114
4 109 113
14 112 126
4 112 116
18 112 130
17 116 133
19 132 151
5 140 145
7 144 151
13 144 157
6 145 151
4 147 151
8 150 158
13 154 167
8 18 26
1 22 23
13 22 35
6 34 40
4 37 41
12 37 49
18 44 62
8 52 60
11 52 63
16 59 75
15 59 74
16 61 77
1 63 64
8 63 71
11 64 75
6 69 75
18 69 87
9 80 89
2 18 20
10 18 28
16 25 41
1 40 41
11 40 51
11 41 52
5 43 48
18 44 62
5 54 59
16 58 74
18 71 89
15 78 93
16 82 98
13 85 98
19 87 106
9 93 102
2 99 101
2 99 101
13 100 113
7 111 118
6 115 121
2 118 120
12 118 130
6 120 126
13 122 135
2 130 132
17 130 147
11 142 153
1 150 151
3 150 153
11 151 162
5 153 158
12 153 165
10 157 167
3 166 169
5 168 173
3 168 171
2 168 170
8 169 177
11 169 180
19 177 196
2 191 193
13 191 204
9 192 201
14 195 209
12 208 220
5 216 221
15 216 231
12 225 237
1 231 232
1 231 232
19 231 250
10 244 254
8 248 256
2 250 252
13 251 264
13 259 272
6 267 273
8 267 275
1 274 275
2 274 276
9 274 283
14 279 293
14 292 306
3 296 299
4 298 302
16 300 316
5 315 320
16 316 332
1 324 325
4 324 328
12 327 339
14 332 346
12 332 344
12 336 348
12 342 354
18 348 366
10 362 372
16 366 382
3 372 375
6 374 380
14 376 390
4 385 389
5 388 393
1 392 393
16 392 408
13 397 410
5 409 414
6 410 416
6 410 416
2 412 414
5 413 418
1 414 415
5 414 419
5 416 421
3 419 422
11 421 432
17 427 444
15 428 443
6 436 442
8 440 448
19 447 466
18 459 477
10 462 472
5 467 472
12 470 482
9 477 486
11 477 488
1 479 480
19 479 498
13 487 500
19 489 508
11 492 503
1 499 500
15 499 514
1 509 510
16 509 525
1 513 514
14 513 527
7 521 528
13 524 537
9 536 545
11 540 551
9 544 553
4 545 549
15 546 561
11 560 571
2 563 565
11 564 575
16 569 585
8 579 587
4 583 587
19 584 603
14 584 598
14 595 609
3 596 599
