500
1 0 1
8 0 8
19 0 19
5 0 5
16 1 20
5 2 8
19 4 24
17 6 23
11 7 18
13 9 23
5 13 18
6 15 21
14 18 35
4 19 23
14 19 34
16 20 39
19 21 43
16 31 49
11 34 46
14 34 49
13 38 53
17 38 56
15 42 60
8 46 54
18 48 67
14 49 64
8 51 59
18 52 70
17 53 70
10 56 68
18 59 81
8 60 68
19 60 82
6 62 69
4 64 68
15 65 81
8 68 77
19 73 94
9 73 82
2 76 78
13 76 90
19 77 96
17 78 99
15 80 95
14 80 94
14 88 103
8 91 99
7 93 100
11 94 107
16 94 113
7 96 104
8 96 105
1 98 99
8 99 107
5 99 104
6 102 109
7 104 111
19 105 124
18 105 126
17 105 123
4 106 110
3 109 112
12 110 122
1 112 113
6 113 119
4 114 118
17 118 137
12 118 131
9 119 128
13 122 136
10 122 133
2 123 125
14 124 138
13 125 139
1 126 127
1 127 128
9 128 138
2 129 131
11 131 143
12 131 143
14 133 147
6 134 140
4 138 142
7 139 146
6 140 146
15 140 156
12 141 154
5 142 147
16 144 163
4 144 148
6 146 152
12 149 161
4 153 157
17 153 172
3 156 159
5 156 161
10 158 168
15 158 174
10 160 171
17 164 183
13 165 180
15 167 183
4 169 173
9 172 181
9 173 184
4 174 178
5 174 179
14 176 191
1 178 179
14 178 192
5 179 184
6 179 186
14 181 198
4 182 186
14 183 199
15 184 200
13 186 201
15 189 205
1 193 194
5 194 200
6 196 202
14 197 211
7 201 208
9 201 211
8 201 210
16 204 223
19 205 227
12 206 220
13 211 224
16 211 228
16 213 231
9 214 223
10 219 231
9 223 234
19 225 246
1 225 226
9 226 235
15 226 242
4 228 232
14 230 246
10 230 240
7 230 237
16 233 249
7 234 241
2 234 236
17 235 256
14 236 250
14 241 255
12 245 259
12 246 259
6 247 253
9 251 260
16 255 274
15 255 270
11 257 269
9 259 268
14 264 280
9 264 273
4 265 269
18 267 289
10 268 278
19 269 290
10 273 284
2 277 279
3 279 282
1 279 280
7 280 288
14 282 297
7 282 290
6 286 293
6 287 294
16 288 307
3 290 293
7 292 300
16 293 310
2 293 295
8 295 303
15 297 314
13 297 311
8 297 306
16 300 318
17 302 319
3 304 307
9 304 313
14 305 319
17 307 324
7 307 314
14 309 323
13 310 324
9 311 321
12 313 325
14 319 335
14 319 334
6 320 326
15 321 338
4 324 328
19 326 348
5 327 332
6 328 334
8 333 342
15 334 350
16 335 354
9 337 347
1 338 339
14 339 353
14 339 355
16 340 358
2 340 342
6 342 349
18 348 369
18 348 369
8 350 358
15 354 369
11 355 367
16 356 375
3 357 360
6 357 363
3 358 361
15 360 377
7 363 371
5 365 370
12 366 378
19 367 387
18 370 392
18 371 389
7 371 378
18 372 393
12 373 387
16 376 392
13 377 390
12 384 398
2 385 387
18 386 406
13 386 401
12 387 399
2 390 392
10 391 401
16 394 413
3 396 399
11 398 409
3 399 402
3 400 403
5 400 405
12 401 413
8 401 410
6 403 409
5 403 409
18 405 423
7 407 414
14 408 422
10 410 420
19 410 429
1 411 412
4 412 416
7 412 419
3 414 417
11 414 427
17 416 434
14 416 430
17 421 440
2 422 424
10 423 434
17 429 448
4 433 437
9 433 443
1 434 435
12 435 447
16 437 456
1 441 442
6 441 447
8 442 450
2 442 444
7 444 451
14 445 462
19 449 471
19 450 471
1 451 452
4 452 456
14 454 468
7 454 461
2 456 458
16 457 476
16 459 478
5 460 466
7 465 472
3 465 468
13 466 481
12 467 481
12 467 480
2 469 471
17 470 490
8 473 481
16 475 494
18 476 495
6 478 484
17 480 498
3 481 484
5 482 487
5 483 488
12 483 496
11 485 496
4 485 489
15 486 503
12 488 500
1 489 490
7 490 498
5 491 496
16 491 510
5 492 497
12 492 504
4 493 497
9 494 503
17 496 514
16 498 514
9 503 512
3 504 507
15 507 522
12 507 521
11 509 521
7 511 519
15 513 528
18 513 534
13 518 531
4 521 525
14 522 537
18 524 542
2 529 531
2 530 532
5 530 535
7 531 538
11 531 543
10 534 544
18 536 554
2 539 541
10 540 550
3 540 543
7 542 549
17 542 561
14 543 557
13 545 560
15 551 566
15 554 569
9 557 566
9 558 568
18 560 581
4 563 567
13 564 577
3 565 568
3 568 571
4 568 572
17 571 592
1 571 572
19 572 595
4 572 576
7 574 582
18 574 593
15 578 596
10 587 597
1 589 590
6 590 596
17 591 609
18 592 612
1 594 595
13 595 610
12 595 609
10 597 607
6 597 603
1 601 602
3 602 605
8 605 613
4 605 609
6 605 611
12 609 623
8 609 617
12 610 624
19 611 633
19 614 636
11 615 626
19 615 634
5 621 626
10 622 633
1 625 626
15 626 642
11 626 637
14 630 644
19 631 650
18 632 652
7 635 642
1 639 640
5 640 645
2 641 643
1 641 642
10 642 652
7 642 650
11 643 654
16 645 663
8 645 653
9 647 657
7 650 658
12 651 665
4 655 659
15 656 672
9 656 666
16 657 673
13 658 671
19 659 680
13 661 675
10 665 675
4 669 673
3 671 674
12 671 683
15 672 690
17 673 692
16 673 692
6 675 681
13 678 691
1 680 681
6 680 686
14 681 697
8 681 690
1 681 682
7 682 690
19 683 706
7 684 691
12 685 699
7 688 695
13 692 705
19 695 714
18 695 714
16 698 715
15 700 718
1 701 702
14 702 717
11 703 715
9 708 719
3 710 713
17 712 731
6 712 719
2 712 714
4 714 718
16 714 731
17 717 738
2 718 720
6 718 725
17 719 738
8 720 729
10 723 733
11 726 738
9 728 737
16 729 745
7 730 738
15 732 747
9 734 745
4 735 739
11 736 747
7 736 744
13 738 753
4 744 748
8 745 753
19 748 771
1 750 751
3 750 753
3 751 754
6 752 758
3 753 756
14 753 768
5 755 760
17 758 777
17 760 780
3 767 770
5 768 773
16 769 788
4 772 776
1 773 774
6 774 780
7 776 783
9 777 786
17 779 798
10 786 798
16 786 802
16 794 812
16 794 813
3 798 801
18 799 820
2 801 803
3 803 806
14 809 826
19 814 834
4 819 823
5 820 825
17 822 839
7 822 830
2 824 826
13 825 838
8 826 835
3 827 830
9 830 840
13 833 848
5 842 847
9 845 855
