250
33 5 48 
2 13 23 
16 5 34 
55 14 75 
71 2 83 
6 18 33 
86 18 116 
235 12 248 
232 1 240 
171 6 189 
44 3 57 
112 12 138 
173 3 185 
94 7 106 
112 12 125 
5 3 23 
181 16 207 
59 3 73 
115 9 130 
170 15 199 
65 5 70 
13 15 29 
133 4 148 
203 19 223 
40 7 59 
180 8 195 
125 17 145 
187 15 202 
64 15 84 
15 12 32 
63 13 81 
30 13 47 
49 9 72 
163 8 175 
113 9 127 
107 3 123 
211 12 238 
146 15 161 
232 10 245 
112 6 123 
146 11 159 
205 13 229 
4 17 21 
237 20 272 
105 10 122 
222 7 237 
121 1 126 
31 11 51 
225 15 249 
52 1 54 
1 2 17 
32 3 43 
74 16 93 
226 8 241 
3 9 19 
12 14 27 
169 19 191 
184 11 197 
63 5 73 
93 15 114 
187 16 208 
159 3 169 
156 13 172 
154 19 179 
142 11 162 
61 18 88 
195 12 213 
206 13 221 
165 8 176 
65 16 88 
202 19 233 
244 2 251 
13 6 29 
60 4 70 
37 14 51 
223 4 232 
230 13 252 
21 17 40 
188 16 209 
66 15 89 
172 7 194 
223 8 245 
28 16 54 
211 18 231 
146 13 160 
192 3 197 
64 15 85 
194 2 207 
6 13 30 
230 16 259 
84 8 98 
11 3 21 
222 1 231 
10 14 31 
115 15 135 
14 15 42 
178 20 212 
28 17 59 
7 17 30 
168 1 172 
160 17 178 
212 7 224 
35 4 40 
84 13 102 
211 15 228 
164 17 193 
45 5 56 
105 1 113 
82 13 106 
114 3 120 
108 19 142 
20 5 34 
97 11 108 
165 19 199 
156 7 165 
230 14 245 
45 16 67 
74 16 98 
106 13 133 
243 8 266 
205 11 219 
124 10 138 
194 20 221 
213 8 227 
114 4 127 
28 8 36 
150 6 159 
114 14 137 
185 14 210 
32 2 44 
35 3 40 
79 3 83 
101 7 115 
172 3 189 
31 4 41 
28 3 35 
135 3 148 
77 20 102 
244 11 266 
19 18 39 
66 2 73 
158 6 174 
150 7 166 
246 8 255 
54 11 71 
182 19 203 
203 1 217 
13 2 19 
201 14 215 
212 8 224 
108 7 123 
62 1 69 
186 8 195 
69 7 80 
235 15 258 
133 20 166 
128 16 148 
160 4 167 
73 14 94 
58 13 85 
61 1 66 
124 10 136 
177 19 204 
116 4 133 
25 6 43 
249 6 264 
199 11 225 
3 6 23 
176 17 196 
13 13 40 
174 20 206 
65 1 81 
117 10 139 
237 5 246 
111 11 134 
241 11 255 
61 10 73 
166 8 184 
189 13 211 
32 6 38 
41 5 49 
181 15 210 
232 3 249 
43 3 51 
127 16 153 
20 16 48 
64 3 76 
205 20 232 
216 10 232 
178 5 185 
181 4 199 
218 18 248 
96 18 115 
22 9 32 
1 16 27 
78 3 88 
38 19 58 
134 7 144 
32 18 55 
155 5 167 
33 5 52 
165 3 174 
239 20 271 
81 12 94 
69 1 77 
172 16 193 
215 19 240 
187 5 202 
40 3 43 
132 6 149 
113 15 132 
33 8 43 
1 15 30 
241 6 260 
226 17 254 
229 6 248 
236 16 266 
160 18 183 
57 4 70 
24 19 53 
216 6 235 
95 10 114 
135 9 144 
163 16 187 
209 14 233 
227 5 246 
190 4 199 
162 10 174 
155 5 169 
3 17 34 
141 20 168 
227 19 255 
83 12 108 
239 7 258 
197 2 208 
195 10 212 
239 14 268 
201 20 229 
151 3 164 
205 3 212 
47 9 66 
207 9 216 
245 15 266 
129 10 141 
239 19 266 
212 8 230 
21 8 42 
167 3 172 
172 10 188 
102 2 114 
