350
39 0 117
45 0 130
47 0 136
54 5 108
36 5 68
42 4 79
32 54 128
135 56 376
46 49 153
44 53 166
59 107 230
129 106 429
129 109 313
126 104 296
48 112 203
58 195 329
35 190 270
84 194 332
88 191 348
48 193 271
44 186 273
48 234 314
54 241 346
36 237 342
35 236 304
33 237 294
42 287 409
123 289 497
49 289 415
57 284 384
123 367 567
38 369 481
43 373 444
47 368 483
38 368 466
31 371 451
51 438 546
57 438 536
42 440 555
38 433 502
126 438 723
56 434 518
54 499 595
31 494 560
55 494 591
56 499 632
31 504 544
43 503 609
55 543 679
51 552 633
135 552 790
96 603 808
48 608 679
34 605 692
147 661 957
44 664 773
31 662 712
47 661 766
36 664 745
49 666 810
33 703 802
50 705 807
48 704 788
43 703 814
39 704 796
135 712 963
51 758 848
35 760 867
45 761 834
42 759 875
80 766 986
31 818 900
42 821 892
31 855 940
31 862 912
92 862 1068
53 916 1030
31 917 968
42 957 1068
126 956 1211
51 960 1096
32 1051 1130
45 1050 1114
46 1043 1166
31 1047 1096
42 1044 1143
34 1084 1174
31 1087 1163
45 1087 1213
48 1083 1155
37 1115 1173
36 1116 1183
56 1116 1217
98 1159 1329
129 1154 1436
56 1155 1298
31 1157 1199
33 1209 1291
37 1210 1286
40 1210 1309
59 1209 1309
33 1252 1331
54 1258 1407
49 1257 1334
35 1261 1322
35 1254 1357
36 1261 1364
56 1301 1385
59 1298 1466
38 1303 1361
55 1343 1474
42 1345 1438
52 1338 1440
58 1394 1510
59 1386 1495
33 1392 1468
34 1387 1477
43 1395 1492
57 1392 1503
41 1444 1499
39 1443 1508
129 1442 1747
43 1441 1562
40 1442 1530
55 1498 1628
30 1507 1577
37 1539 1604
32 1541 1628
34 1538 1644
43 1580 1664
37 1576 1689
35 1584 1641
32 1582 1626
56 1582 1667
54 1616 1697
132 1616 2007
138 1687 2020
34 1690 1791
123 1695 1873
33 1691 1755
38 1692 1772
59 1767 1867
47 1767 1903
54 1768 1891
51 1768 1909
41 1773 1836
84 1773 1918
58 1811 1911
58 1812 1928
51 1853 1975
32 1846 1931
42 1849 1911
51 1892 2003
52 1884 1969
42 1891 1978
123 1884 2132
37 1944 2051
32 1950 2008
55 1969 2051
42 1965 2074
47 2020 2090
33 2013 2077
36 2052 2112
38 2053 2112
54 2054 2217
49 2092 2228
50 2090 2206
56 2097 2186
56 2096 2191
33 2150 2251
59 2149 2293
33 2148 2231
49 2154 2274
57 2148 2271
58 2210 2296
45 2211 2326
40 2213 2285
48 2211 2290
31 2206 2271
123 2269 2596
38 2266 2328
51 2261 2406
56 2263 2392
43 2261 2371
47 2325 2403
84 2321 2461
55 2395 2482
40 2391 2454
34 2391 2455
33 2435 2532
38 2435 2528
30 2435 2520
88 2431 2644
59 2436 2539
40 2474 2570
37 2474 2551
55 2466 2552
54 2473 2578
46 2511 2648
53 2512 2621
92 2513 2666
54 2516 2655
49 2567 2691
56 2574 2653
53 2567 2675
58 2575 2714
37 2570 2624
50 2574 2659
35 2618 2707
49 2611 2715
31 2617 2706
49 2646 2743
37 2655 2757
36 2655 2754
34 2655 2735
138 2681 3055
40 2684 2803
52 2681 2839
40 2753 2849
84 2748 2950
132 2747 3131
48 2745 2830
46 2753 2882
50 2804 2895
57 2808 2970
45 2804 2917
37 2846 2954
31 2848 2896
90 2843 3018
56 2849 2981
52 2851 2987
92 2899 3095
56 2890 2977
132 2892 3262
36 2891 2947
46 2895 2962
37 2897 2996
53 2948 3108
45 2945 3039
43 2945 3035
96 2949 3150
46 2993 3075
47 2997 3067
40 2996 3117
54 3047 3136
43 3050 3109
31 3051 3134
51 3092 3203
53 3091 3197
123 3090 3295
132 3085 3402
39 3092 3179
38 3155 3271
50 3159 3297
30 3212 3289
46 3211 3295
43 3258 3379
57 3251 3380
43 3257 3336
38 3310 3418
46 3306 3409
50 3306 3453
38 3307 3406
37 3308 3400
56 3355 3474
33 3352 3450
52 3357 3449
34 3405 3490
94 3403 3577
53 3395 3531
44 3395 3469
57 3402 3558
35 3397 3483
132 3454 3679
43 3459 3549
42 3457 3560
58 3455 3623
41 3456 3541
144 3509 3777
52 3504 3587
47 3507 3640
58 3506 3596
59 3505 3651
50 3599 3684
49 3599 3692
33 3596 3673
30 3652 3715
40 3645 3733
43 3649 3713
54 3650 3762
33 3651 3698
53 3687 3777
45 3686 3804
80 3683 3927
42 3733 3799
45 3729 3813
34 3730 3796
41 3727 3838
57 3729 3842
33 3730 3807
46 3769 3882
41 3768 3877
43 3771 3870
135 3765 3996
33 3770 3862
33 3772 3836
94 3837 4106
39 3840 3915
41 3884 3974
38 3890 3948
45 3888 3969
40 3886 4000
45 3920 4009
80 3921 4108
36 3928 3992
38 3923 3992
98 3922 4159
35 3989 4086
120 3985 4201
54 3981 4147
94 4056 4192
41 4047 4169
42 4055 4147
53 4121 4223
33 4124 4215
33 4179 4259
36 4171 4242
32 4172 4254
54 4176 4276
120 4170 4486
37 4225 4286
49 4222 4337
49 4223 4352
41 4218 4310
123 4218 4539
44 4224 4334
54 4269 4388
34 4270 4351
94 4276 4429
57 4314 4470
37 4322 4387
35 4381 4459
38 4376 4470
40 4376 4459
35 4380 4445
41 4408 4475
51 4402 4538
46 4405 4502
59 4403 4565
36 4446 4533
