150
17 189 211
19 173 194
10 153 166
15 132 156
10 18 31
17 298 318
11 248 260
16 224 241
20 86 109
15 69 93
17 81 101
11 257 271
13 273 290
12 137 155
19 344 371
17 332 350
13 3 20
17 111 129
17 97 120
16 314 331
19 33 53
11 22 40
19 316 343
10 227 245
12 191 204
19 121 141
14 281 303
10 131 146
16 25 44
12 283 303
15 38 56
12 205 218
16 329 352
14 233 254
14 131 150
19 251 276
17 43 66
19 303 328
19 220 247
10 6 18
12 269 286
12 251 264
12 87 104
19 326 350
17 40 60
14 199 216
11 29 48
15 161 177
13 175 194
11 133 148
17 135 156
17 297 323
13 304 320
10 265 281
16 81 98
11 23 36
18 314 336
18 11 38
12 32 53
17 287 312
13 152 166
11 279 296
13 244 259
15 272 293
17 229 250
19 331 355
13 56 71
12 363 376
19 92 120
17 367 392
15 131 149
13 264 279
16 143 166
16 234 252
19 154 179
10 236 248
14 355 376
16 147 165
17 32 55
16 40 61
17 189 213
20 327 356
19 102 125
16 281 298
18 159 179
11 76 94
20 21 45
15 187 210
10 138 150
11 147 164
19 125 145
10 320 337
16 226 248
20 126 150
11 329 342
14 340 359
10 11 27
17 105 125
20 84 110
17 61 86
15 241 259
12 39 59
19 107 133
18 337 356
19 249 269
10 216 230
14 81 102
14 198 218
12 249 268
18 43 65
20 223 250
17 182 204
11 124 140
13 257 271
16 354 373
18 344 368
19 328 351
17 151 169
20 207 231
19 221 243
17 322 344
10 50 65
14 352 372
18 35 57
18 320 341
11 325 342
16 203 222
18 168 187
11 121 136
13 32 48
12 11 26
18 129 149
20 239 266
17 320 340
19 129 152
19 344 365
20 160 185
15 160 181
14 332 355
11 152 166
10 41 57
20 306 334
20 95 119
13 111 128
10 177 189
18 101 123
14 183 200
10 3 21
20 275 298
18 260 285
