400
176 15 202 
121 8 140 
11 6 23 
40 18 70 
206 5 222 
310 25 336 
28 12 56 
152 17 177 
88 3 92 
371 5 377 
374 12 388 
86 13 115 
72 5 95 
241 3 250 
254 24 287 
194 8 219 
51 25 86 
237 25 282 
378 2 384 
108 18 126 
64 7 86 
204 14 225 
349 20 387 
101 2 109 
11 22 46 
141 11 161 
219 13 237 
188 20 224 
369 15 397 
377 24 419 
86 13 119 
158 8 183 
127 5 145 
349 25 376 
83 17 119 
267 7 291 
88 8 110 
327 22 362 
279 5 293 
111 13 144 
87 6 113 
390 19 409 
24 15 41 
216 17 234 
370 25 411 
44 15 67 
107 3 123 
221 25 247 
177 3 190 
329 4 348 
326 2 332 
386 21 425 
360 21 396 
112 2 116 
367 24 402 
151 2 173 
4 22 45 
274 21 303 
126 1 142 
35 5 54 
164 24 192 
325 18 359 
284 2 304 
188 18 207 
227 23 253 
242 18 277 
130 21 157 
93 25 132 
239 17 263 
377 11 394 
201 22 239 
80 7 102 
251 18 270 
176 6 197 
190 9 209 
369 7 379 
273 19 296 
283 25 313 
136 17 160 
208 10 220 
323 19 362 
264 23 291 
51 15 83 
149 17 179 
313 16 333 
42 17 67 
278 23 319 
27 17 58 
152 20 187 
382 6 402 
122 20 142 
188 4 210 
92 3 96 
347 3 366 
392 1 398 
337 22 360 
14 2 22 
381 10 409 
5 15 40 
62 19 97 
306 17 331 
52 11 65 
228 18 247 
208 24 251 
190 6 205 
104 17 140 
107 6 129 
135 15 160 
358 9 375 
291 17 324 
149 10 178 
73 8 99 
381 1 382 
209 5 222 
264 13 285 
386 23 417 
384 1 386 
117 14 136 
58 25 86 
152 10 167 
93 8 115 
221 13 237 
91 14 110 
89 24 113 
326 1 332 
362 17 383 
208 3 218 
11 15 40 
379 3 382 
320 11 338 
301 4 312 
83 25 113 
300 8 312 
4 13 25 
225 15 251 
356 5 372 
98 10 120 
218 12 232 
48 11 78 
156 2 164 
61 4 70 
181 15 205 
83 9 97 
47 11 67 
168 25 202 
172 5 188 
266 23 292 
319 19 349 
167 17 185 
236 6 247 
216 22 255 
39 15 73 
224 15 250 
254 12 266 
107 17 127 
58 9 86 
186 20 221 
201 22 240 
229 4 251 
164 10 177 
174 3 195 
309 19 347 
67 19 106 
181 17 208 
177 19 197 
105 2 126 
295 11 325 
60 6 71 
70 20 108 
58 16 74 
25 11 51 
123 25 163 
278 21 313 
22 11 50 
235 6 254 
267 8 291 
354 3 360 
18 12 50 
321 1 333 
362 15 377 
211 17 241 
387 7 395 
129 1 142 
223 16 242 
81 4 90 
345 18 375 
114 21 151 
107 7 122 
210 9 229 
4 24 40 
359 19 396 
27 21 54 
6 18 27 
194 2 203 
3 9 29 
289 13 305 
170 11 194 
147 4 161 
179 13 195 
328 20 360 
309 22 343 
50 9 75 
395 5 411 
285 2 300 
264 10 291 
283 18 305 
199 19 232 
137 19 160 
328 17 346 
235 19 254 
183 23 216 
137 17 164 
105 13 123 
276 16 310 
121 7 130 
266 7 280 
195 24 239 
38 4 45 
298 7 316 
156 22 180 
261 19 284 
82 25 107 
118 21 152 
324 12 338 
298 8 310 
43 2 62 
234 19 269 
2 17 25 
168 24 200 
20 2 36 
54 3 73 
14 13 35 
41 4 64 
184 23 214 
197 18 230 
37 19 66 
176 21 197 
232 13 262 
328 5 337 
166 13 191 
126 9 140 
21 20 44 
373 4 395 
168 4 173 
247 20 281 
34 2 37 
392 13 412 
129 20 149 
316 20 349 
50 21 78 
72 24 102 
169 23 207 
84 18 112 
277 10 305 
234 21 267 
9 8 20 
232 20 271 
74 5 88 
83 17 113 
346 15 376 
152 1 167 
184 22 216 
334 13 353 
46 10 69 
148 6 173 
219 1 224 
337 1 342 
240 21 266 
340 7 353 
93 10 108 
60 1 74 
307 15 329 
30 23 57 
49 10 65 
259 14 277 
194 25 235 
55 15 72 
221 23 246 
274 22 296 
73 14 88 
112 6 129 
229 24 270 
207 22 239 
88 11 116 
49 1 50 
205 20 240 
97 24 122 
320 11 334 
206 8 229 
141 3 150 
368 8 387 
113 14 127 
187 21 223 
104 12 124 
144 21 178 
268 14 289 
377 13 394 
62 16 85 
18 22 42 
54 21 82 
26 11 56 
17 21 48 
107 16 142 
391 18 419 
251 6 271 
363 22 398 
214 10 242 
393 16 413 
219 15 247 
51 9 68 
205 22 247 
274 10 296 
331 22 362 
166 18 188 
187 13 212 
392 24 421 
137 24 167 
372 21 401 
180 11 207 
28 9 53 
36 21 61 
396 22 437 
277 7 289 
231 23 268 
282 1 290 
274 24 306 
222 9 237 
259 17 295 
353 21 378 
63 1 83 
243 19 270 
252 7 279 
117 5 128 
244 2 250 
81 5 102 
367 12 393 
387 6 399 
292 24 319 
249 1 263 
275 6 298 
303 22 336 
200 8 213 
202 16 236 
125 21 162 
306 25 335 
62 2 69 
244 3 256 
116 13 132 
27 9 39 
167 12 180 
3 2 18 
278 22 315 
108 18 142 
40 7 55 
236 17 272 
117 16 142 
154 3 171 
256 6 271 
208 11 221 
164 1 169 
353 22 384 
8 8 34 
188 20 209 
374 10 393 
324 2 330 
223 19 252 
354 23 391 
139 8 162 
120 7 135 
234 2 250 
165 12 193 
248 8 256 
125 5 147 
380 3 403 
284 12 299 
391 19 418 
56 20 94 
310 4 333 
250 1 255 
246 1 258 
6 8 28 
360 12 391 
97 18 122 
232 8 250 
186 23 211 
351 22 390 
314 8 328 
182 11 212 
56 9 83 
345 24 384 
399 8 417 
290 23 329 
315 3 330 
162 11 188 
221 6 236 
82 7 93 
236 16 272 
44 7 59 
163 18 188 
48 11 70 
