400
298 101 426
370 24 397
223 76 302
347 74 426
167 24 221
341 165 542
232 151 422
112 17 133
61 27 105
234 167 407
263 16 301
156 88 252
63 37 117
267 100 392
282 129 449
296 165 481
81 196 308
253 27 312
394 141 543
200 26 237
267 174 476
242 96 349
292 1 311
370 86 491
76 159 272
277 69 374
384 141 528
51 54 125
376 172 576
5 20 61
228 172 429
230 164 408
293 98 422
71 7 112
394 117 532
250 196 455
56 12 84
355 161 540
296 12 347
232 166 418
326 56 398
66 54 122
150 17 181
150 143 322
156 181 342
75 54 148
337 108 461
3 98 117
24 139 186
80 80 182
85 107 206
214 44 281
121 70 201
352 65 455
225 160 402
254 197 473
26 41 89
354 92 472
156 187 359
232 138 395
245 164 410
244 164 425
77 73 181
73 151 243
203 90 315
230 117 385
273 110 386
32 25 61
8 73 119
383 65 480
61 70 163
382 186 592
107 22 166
148 47 212
346 10 392
110 116 233
332 93 440
55 183 247
376 178 575
51 176 233
159 186 353
75 153 250
34 151 214
155 88 260
301 119 439
233 3 255
169 107 283
246 40 312
346 59 431
87 98 211
149 199 374
122 140 263
170 154 328
317 96 452
381 31 430
46 114 185
166 87 289
284 157 443
335 181 555
361 143 515
307 196 541
229 1 239
163 152 353
303 14 328
313 26 342
362 109 479
33 184 236
320 165 498
234 1 256
221 114 349
299 79 379
149 58 233
161 37 229
170 170 353
205 71 301
160 147 343
226 3 248
298 84 396
120 107 266
390 98 498
154 175 359
351 155 529
149 133 317
20 190 220
196 108 329
46 30 78
271 51 341
308 134 476
290 7 302
196 107 330
369 133 515
289 73 380
309 176 502
129 21 155
150 182 359
343 73 424
397 94 499
371 117 522
311 117 445
184 53 237
258 110 387
135 69 242
390 72 486
261 52 313
187 72 265
154 64 249
113 165 300
82 135 238
5 95 106
288 182 497
394 111 518
12 192 240
20 83 126
6 172 200
43 8 82
34 166 215
317 188 540
17 48 95
286 128 426
213 186 434
189 69 288
11 51 75
258 193 462
229 186 443
91 74 171
46 40 112
258 141 412
1 156 170
193 184 416
24 97 150
7 22 53
179 175 360
176 88 292
339 50 410
309 73 421
238 52 325
89 128 235
230 22 268
107 55 177
110 41 182
337 198 550
357 29 408
43 40 88
370 173 577
116 170 309
169 199 394
225 182 435
256 142 411
99 151 288
276 107 406
72 82 157
157 24 213
369 197 591
300 129 464
303 54 360
287 48 364
176 182 372
138 103 244
387 40 434
394 118 516
193 51 248
327 183 529
206 79 322
396 41 440
81 67 153
219 190 416
148 108 257
381 99 505
183 151 357
331 120 486
358 87 446
366 181 561
146 29 201
118 159 296
295 12 335
149 29 188
360 144 508
275 195 479
115 73 192
282 4 317
97 152 272
81 195 293
103 190 312
121 4 130
268 11 282
387 162 583
228 185 440
365 166 549
32 15 63
175 14 225
181 100 286
158 9 185
11 131 153
315 27 350
215 108 359
47 62 135
239 170 434
333 133 491
63 87 152
270 23 297
273 91 398
180 146 347
95 83 179
128 112 279
356 72 464
191 150 372
298 118 429
384 117 531
234 57 307
48 113 189
302 55 393
269 155 434
244 180 442
277 108 402
137 79 233
261 195 486
7 35 59
237 185 428
28 108 149
42 168 232
56 27 112
27 17 77
244 52 308
200 65 301
265 92 373
129 175 305
367 49 432
248 9 272
377 146 544
387 26 426
66 54 151
172 44 225
18 183 230
398 177 600
353 173 550
303 188 512
196 26 239
11 55 95
32 67 103
240 145 396
136 41 186
45 79 134
110 98 232
131 119 259
167 183 368
348 17 390
313 34 370
333 160 516
225 130 376
341 11 378
67 188 260
338 186 545
114 187 337
8 187 225
268 28 303
277 59 348
216 163 394
356 65 447
97 49 176
387 176 586
72 22 131
378 91 486
137 196 360
212 149 390
119 175 308
276 176 464
105 138 280
391 94 498
109 40 185
152 22 199
69 86 169
17 124 178
155 197 385
214 32 267
318 191 513
266 51 341
150 92 245
50 24 105
258 2 271
204 80 295
101 3 132
40 50 101
246 69 316
65 64 133
380 46 449
83 106 197
201 17 228
144 27 186
36 58 130
225 68 332
106 122 263
348 150 519
74 11 97
270 114 416
49 133 192
66 95 163
188 111 306
82 187 295
18 174 226
340 107 473
75 166 259
65 103 207
309 148 487
94 139 241
146 39 207
390 184 608
234 146 384
77 189 302
221 168 424
115 51 204
194 12 207
31 151 190
270 89 378
241 116 370
129 3 159
292 85 383
82 150 266
328 64 425
119 158 311
135 132 268
136 103 242
307 68 386
69 127 212
272 111 404
90 61 173
43 108 181
324 70 427
81 109 211
45 4 54
133 79 226
41 109 155
355 181 568
202 64 304
145 109 265
220 152 388
84 121 229
56 149 207
25 35 72
400 95 522
120 96 216
361 23 419
315 94 411
4 43 74
2 128 130
41 66 119
60 132 211
239 114 385
21 63 100
30 199 255
259 2 276
290 192 507
115 50 202
274 85 383
22 78 134
207 139 350
89 166 259
388 128 540
332 100 455
335 66 435
222 148 404
