150
3 0 3
15 0 15
19 0 19
9 0 9
2 1 3
14 1 18
17 2 20
14 3 17
15 6 24
1 14 15
17 15 33
9 15 24
2 15 17
10 16 27
15 16 34
14 18 33
15 21 39
6 25 31
8 26 35
6 27 33
11 29 40
3 29 32
12 31 45
2 31 33
12 33 46
8 33 42
11 34 47
7 37 44
12 38 50
13 40 53
14 40 54
13 40 55
4 43 47
17 44 63
13 44 59
15 46 61
4 50 54
1 51 52
16 52 69
5 52 57
18 55 74
5 58 64
1 58 59
18 59 78
15 59 74
15 61 77
6 62 69
19 65 84
2 66 68
18 67 87
3 67 70
1 67 68
12 68 81
10 68 79
18 69 90
15 74 91
13 76 91
11 78 90
12 78 92
7 82 89
5 83 89
16 85 101
19 87 106
18 88 106
7 88 95
12 88 102
6 95 101
11 95 108
15 98 116
16 99 117
6 101 107
18 103 121
5 104 109
15 106 123
14 110 126
2 112 114
11 113 125
2 114 116
12 114 126
6 116 123
3 118 121
16 119 135
5 121 126
12 122 136
17 123 141
2 124 126
14 126 140
6 126 133
10 127 137
3 127 130
16 128 144
10 130 141
15 132 147
2 133 135
17 135 152
14 135 152
3 138 141
2 138 140
6 139 145
12 140 154
10 142 152
11 143 155
1 149 150
7 149 157
3 150 153
7 150 157
19 151 172
8 152 161
2 153 155
14 154 170
2 157 159
6 158 164
5 160 166
17 160 177
4 161 165
9 165 175
19 165 186
2 166 168
17 167 184
16 168 187
4 171 175
1 172 173
18 173 194
6 174 181
11 176 188
10 180 192
17 181 198
19 183 205
18 184 205
14 185 200
10 187 199
15 188 206
13 192 205
5 195 200
11 195 207
5 198 203
10 199 211
17 199 219
9 199 208
7 206 214
16 207 223
9 208 218
14 208 224
7 211 219
4 211 215
15 211 227
11 214 226
4 219 223
13 223 238
10 238 250
