450
353 157 535
233 81 348
168 198 379
42 176 235
93 49 160
369 106 495
205 172 411
364 182 557
424 200 629
434 10 468
194 86 320
227 198 456
46 119 201
432 128 573
371 57 439
269 96 378
171 65 260
100 185 293
150 44 236
374 143 555
308 199 539
314 140 495
395 22 444
304 29 335
299 198 529
350 111 469
390 62 478
346 50 440
57 34 110
166 129 296
449 148 600
169 156 330
185 107 308
379 86 507
89 212 337
182 161 350
282 59 356
157 192 386
296 1 299
99 162 300
116 29 164
260 185 471
168 87 271
199 78 308
334 108 449
120 53 183
261 95 367
385 187 585
144 23 193
316 171 488
7 196 205
351 16 374
54 137 226
296 88 425
123 181 311
6 6 28
30 127 176
53 150 234
175 199 374
356 7 363
147 150 335
361 180 581
193 147 370
447 182 637
224 167 395
346 125 498
308 86 398
381 222 621
447 107 560
105 54 169
41 128 190
317 202 537
248 210 485
245 184 467
144 210 371
263 208 500
102 81 202
98 107 228
259 155 425
53 87 170
336 170 508
121 181 322
289 174 506
449 102 567
33 77 128
208 93 341
205 144 349
360 182 583
446 194 669
353 118 471
336 151 513
235 7 267
379 158 550
378 197 611
271 177 456
384 128 522
166 223 431
167 156 346
177 135 327
48 73 164
210 219 457
210 106 329
205 160 378
431 177 650
154 86 273
190 138 359
423 77 518
296 7 336
318 46 388
234 161 403
336 27 375
21 21 74
437 138 617
110 74 227
227 8 279
414 34 450
276 165 477
384 2 393
411 148 593
437 158 605
226 189 429
448 96 549
56 154 241
377 43 427
167 122 291
338 123 489
356 129 496
172 158 340
244 20 277
414 159 598
155 145 322
162 41 224
312 37 375
395 154 593
122 154 283
410 22 467
150 4 196
389 87 493
219 36 289
92 13 126
50 1 95
434 35 471
441 6 456
153 51 226
176 208 385
346 113 482
128 89 222
342 26 381
277 209 500
10 129 162
248 88 350
140 28 198
74 52 139
160 163 366
218 3 242
244 13 277
406 112 543
331 77 412
383 123 531
416 61 485
28 182 230
443 154 609
12 205 254
432 38 477
5 22 70
393 200 611
149 44 211
141 38 212
403 85 515
38 50 113
193 204 404
170 170 351
163 22 200
278 76 372
296 116 426
209 71 287
390 126 546
222 11 274
371 180 585
304 144 464
144 82 244
70 60 167
12 30 66
394 161 566
246 134 404
306 63 412
235 16 284
383 164 547
70 184 295
313 202 522
28 131 175
323 12 341
358 119 505
47 95 174
347 73 459
435 127 571
225 181 431
353 222 593
227 108 365
280 111 403
82 8 93
279 171 478
31 220 282
76 78 175
412 82 526
158 214 401
220 52 303
315 105 436
9 215 258
15 103 119
227 173 422
4 13 40
40 191 231
4 38 75
226 37 266
250 76 330
166 97 281
320 114 443
38 169 250
114 6 130
256 148 409
337 120 463
148 149 334
92 23 126
430 3 441
210 154 372
264 78 355
254 68 330
276 78 386
327 104 433
122 151 286
97 144 268
423 127 550
149 120 310
78 20 128
382 62 482
216 180 435
16 77 97
360 55 444
179 0 192
279 104 398
331 211 580
347 44 414
283 146 467
392 48 450
373 96 488
150 27 208
140 7 180
141 170 355
73 224 306
394 160 555
261 169 456
159 100 281
135 47 184
164 207 374
450 12 493
304 90 413
181 157 373
158 209 395
163 48 255
342 21 387
388 60 475
378 92 493
433 224 664
132 59 215
26 33 72
81 102 215
75 169 257
421 28 472
380 222 623
128 109 266
281 22 313
439 215 661
357 221 583
263 14 319
107 22 149
256 185 477
263 74 363
239 9 249
86 199 296
306 96 420
254 138 409
368 129 502
265 169 474
435 212 649
410 122 570
424 176 600
349 189 540
138 138 313
447 43 531
343 20 383
84 78 202
159 166 361
226 152 398
38 16 79
431 154 615
314 30 347
228 152 415
23 47 81
187 62 285
199 224 427
445 181 649
251 222 517
425 45 476
135 13 181
380 126 520
383 68 489
140 36 211
189 187 405
374 127 512
353 0 371
85 142 241
365 193 585
311 213 568
316 156 493
10 82 128
328 220 574
334 28 362
218 184 406
302 69 400
278 104 407
60 185 254
364 120 495
301 172 508
156 44 239
63 64 154
321 62 418
84 171 279
339 73 439
128 200 332
217 53 302
72 175 277
140 64 240
15 210 247
346 136 494
368 31 426
393 20 428
441 99 573
172 190 380
199 198 427
359 132 522
62 158 227
77 113 199
86 221 344
127 14 170
181 74 268
183 156 368
4 22 28
69 206 307
32 60 104
12 183 207
343 35 390
210 55 291
279 162 444
196 93 329
324 137 481
26 216 269
172 186 358
149 150 307
161 222 399
369 75 457
87 156 271
46 193 277
122 77 233
381 44 460
210 78 332
328 23 390
82 6 91
434 192 669
239 35 313
186 104 299
58 56 151
200 149 356
112 74 190
101 36 171
286 77 367
120 66 205
89 164 253
17 128 146
224 43 287
17 222 271
27 217 255
68 162 265
115 196 344
116 125 251
169 211 404
214 180 419
308 104 430
45 157 234
399 159 576
240 162 438
352 64 450
74 71 176
421 198 653
255 193 476
286 132 434
111 16 164
117 76 205
56 167 252
321 156 493
333 128 492
173 223 421
302 140 446
79 94 211
132 104 264
110 15 142
183 195 397
382 71 462
114 98 230
114 208 361
353 89 442
344 178 536
194 23 222
359 157 528
132 133 273
87 12 136
56 141 241
99 100 212
9 151 160
98 43 185
341 43 420
427 174 635
330 65 401
273 128 427
432 53 500
348 143 512
151 80 249
262 165 430
81 71 160
392 169 567
130 67 222
224 179 405
174 91 272
293 103 406
90 21 118
336 22 379
165 224 426
100 73 196
449 190 663
76 60 155
16 101 144
363 188 590
101 195 329
402 179 624
43 30 76
143 154 333
440 18 483
441 160 612
124 160 305
204 105 336
