100
16 180 202
13 74 91
19 177 201
18 86 112
10 243 261
17 145 171
19 162 187
15 108 124
20 126 155
10 66 81
18 146 168
12 25 42
13 191 205
17 144 163
18 52 74
13 16 31
15 64 87
20 220 249
11 115 128
10 138 150
16 17 38
20 122 151
10 190 207
18 75 102
20 127 156
11 97 112
12 15 35
19 84 108
15 196 215
17 135 159
13 111 128
20 223 249
20 25 53
13 127 149
14 50 66
18 237 258
16 224 243
12 91 106
15 176 197
14 237 259
11 120 139
13 231 245
10 45 60
12 195 212
20 54 81
18 168 190
10 115 132
10 45 56
10 104 119
20 113 134
16 8 33
14 224 243
17 182 202
11 182 194
20 32 60
20 200 228
13 127 142
17 50 72
18 111 137
14 124 147
11 155 174
18 213 232
14 246 264
10 98 114
18 78 97
20 185 209
16 189 209
17 158 182
13 216 237
19 198 224
17 191 209
20 72 99
17 156 181
13 114 130
20 180 207
19 228 249
14 103 126
11 41 53
11 104 122
11 41 61
14 67 88
11 52 72
13 45 67
10 142 160
15 215 239
10 27 42
15 5 25
16 179 198
15 185 204
13 36 57
14 88 108
14 24 43
18 221 248
18 60 86
12 67 85
15 58 80
17 158 177
12 218 234
12 36 49
14 103 119
