350
31 45 84
1 19 20
9 38 56
17 12 45
15 51 81
24 13 52
9 19 28
19 37 57
32 14 54
20 44 68
30 52 97
3 28 44
5 50 69
34 14 48
13 16 42
33 36 80
18 21 46
28 35 71
33 13 53
6 28 36
10 11 28
30 53 83
7 14 29
11 2 15
4 13 31
8 32 40
16 56 77
16 19 36
31 56 95
19 37 57
31 43 86
26 61 98
28 45 74
22 31 56
31 53 90
3 39 56
31 30 71
34 16 61
6 61 73
10 29 41
20 13 37
6 16 27
28 30 71
13 62 77
25 43 81
16 67 89
28 59 100
22 34 56
33 0 42
19 40 68
32 45 77
25 23 60
19 8 34
6 5 15
28 63 103
28 12 53
20 10 45
31 11 46
16 24 46
30 18 58
3 5 11
31 13 59
23 45 71
33 16 52
1 31 46
30 54 87
13 35 54
33 3 48
34 40 88
8 53 70
19 15 37
14 4 18
3 50 53
25 58 98
25 29 59
2 58 74
29 32 62
21 33 65
19 43 71
12 59 76
19 57 85
2 14 32
24 59 95
10 19 38
19 18 37
26 49 81
32 5 47
23 40 74
9 55 65
3 28 39
15 5 29
10 51 61
28 49 78
23 14 52
22 8 41
31 36 73
17 45 77
22 6 44
30 14 50
16 5 26
31 33 71
23 42 74
21 27 62
28 12 46
21 41 64
11 24 45
6 37 56
32 45 81
33 63 100
2 14 32
9 61 72
19 27 55
12 18 34
30 48 86
6 34 55
28 11 43
20 23 56
23 58 95
3 67 71
30 45 84
26 26 61
12 52 73
25 63 92
9 47 67
24 53 85
34 60 109
16 36 61
15 42 66
31 10 48
26 35 74
19 36 70
11 57 82
33 64 98
29 27 61
17 33 66
11 54 65
8 55 71
14 67 91
7 11 21
31 13 60
3 31 37
14 69 94
28 50 78
3 15 19
9 55 73
1 63 65
28 10 54
4 62 73
31 68 112
26 63 103
19 53 76
16 60 84
14 59 78
29 20 49
34 60 109
5 31 52
31 64 100
5 66 78
7 6 15
32 69 109
30 50 80
8 41 51
8 36 49
23 57 93
27 24 65
1 51 52
31 50 85
7 8 22
32 9 49
31 14 54
17 12 35
10 2 28
32 8 48
26 6 34
3 2 18
10 67 77
16 4 22
6 69 76
20 60 93
4 46 64
27 31 70
3 62 65
21 26 57
1 22 28
17 68 99
10 45 59
31 0 47
24 35 64
5 37 48
12 28 42
27 14 49
9 60 77
31 4 35
8 12 22
5 51 58
20 35 68
30 62 104
15 25 40
23 0 32
11 34 52
18 16 36
11 18 31
30 26 63
12 56 82
6 62 77
22 41 63
4 58 67
11 24 46
17 40 72
6 42 50
2 41 50
28 43 86
7 64 85
26 28 55
7 0 12
25 23 62
12 49 69
22 21 52
12 55 67
17 36 69
14 8 31
12 51 67
6 12 24
11 66 86
31 36 73
32 59 102
6 3 9
12 47 75
25 26 56
13 19 46
5 12 28
7 33 43
12 28 51
25 11 45
32 24 66
1 11 27
5 42 60
4 7 24
1 38 39
9 49 67
18 42 75
31 66 107
33 32 73
10 35 55
14 59 79
20 67 90
2 35 40
31 30 63
4 45 53
6 49 64
9 66 88
24 20 52
15 28 58
24 35 66
26 13 49
12 0 22
34 18 52
20 36 62
23 42 74
14 5 28
34 30 77
3 33 38
30 48 86
23 53 86
4 46 65
12 25 46
8 63 85
26 66 104
25 43 74
2 6 19
16 18 35
3 50 56
29 10 47
5 25 35
21 62 87
28 65 100
7 8 28
3 20 28
34 31 73
18 4 24
27 16 53
5 22 33
26 29 66
26 7 40
16 50 73
25 31 58
7 45 67
14 49 70
32 53 98
29 35 67
15 50 72
11 43 61
5 15 33
34 43 87
19 11 36
21 59 92
15 2 25
9 55 78
5 52 70
22 28 50
14 26 47
17 53 82
27 21 54
20 43 75
16 6 31
12 63 91
16 56 80
30 22 63
22 32 68
22 30 60
32 33 68
32 66 113
9 33 44
31 61 98
22 62 84
14 15 32
19 40 59
4 29 37
30 42 76
14 49 73
29 7 42
29 50 87
1 23 35
33 67 106
3 6 19
29 13 51
31 11 45
2 44 47
22 20 51
22 2 33
5 8 29
15 18 44
33 8 45
17 37 68
6 5 23
25 2 34
21 6 41
8 14 24
22 42 77
21 48 78
13 44 66
30 8 41
34 25 75
15 65 90
27 8 36
20 5 36
26 62 99
24 44 76
25 20 54
28 68 102
