250
8 14 26
8 17 28
6 11 31
30 23 58
16 15 43
19 6 26
10 17 31
38 25 71
2 19 24
35 9 59
17 14 36
25 6 34
26 6 43
9 3 26
3 24 40
20 7 29
9 25 36
34 5 48
41 18 66
12 15 43
5 1 13
45 9 54
18 21 44
4 16 37
16 8 24
34 22 69
42 14 70
26 18 55
27 3 36
42 4 46
39 18 69
52 4 65
56 25 99
43 25 81
48 11 74
19 10 37
22 12 51
21 12 33
51 19 75
53 14 82
34 23 70
43 17 72
62 16 93
36 15 67
37 18 66
28 12 54
28 15 60
37 19 65
41 2 57
20 25 59
32 25 72
63 14 94
66 15 83
22 27 60
10 25 52
45 15 75
14 1 26
36 7 50
52 11 74
58 4 71
67 21 103
18 16 37
32 12 55
75 24 109
28 21 60
66 18 102
80 14 110
36 13 66
52 21 90
18 10 28
36 1 42
22 1 40
48 27 81
56 1 72
84 14 116
58 1 68
63 20 84
55 24 95
55 5 60
36 11 63
31 18 57
70 19 95
51 7 60
37 16 71
25 18 53
17 3 26
35 20 63
68 17 87
19 7 38
20 23 49
29 12 48
73 17 97
50 20 78
53 11 68
39 14 66
57 3 75
59 20 95
51 10 78
32 5 43
91 27 122
50 15 81
31 1 47
60 6 76
41 4 47
41 11 67
33 26 67
38 27 69
26 3 34
57 10 73
21 7 37
28 10 45
33 15 53
43 22 83
83 22 113
85 1 103
102 13 130
55 19 74
90 17 110
83 21 110
86 23 114
117 1 120
114 14 143
26 2 37
25 15 41
83 2 90
100 16 127
46 23 86
89 18 124
121 6 142
36 21 70
67 26 106
100 1 105
108 20 129
47 20 80
57 7 81
55 20 79
80 24 112
96 25 132
39 1 58
70 4 82
48 15 66
44 22 67
131 13 153
124 20 154
119 22 147
41 23 70
94 16 110
84 12 98
78 8 95
81 3 97
103 6 120
78 2 84
48 10 64
86 21 121
70 13 97
107 27 137
110 11 134
123 23 153
106 10 130
37 22 59
74 21 98
144 14 175
103 25 138
106 22 138
124 7 148
149 18 176
39 8 55
126 17 144
138 3 152
70 24 94
80 27 125
52 16 73
92 4 100
38 16 59
56 15 76
37 7 47
97 21 118
46 18 80
147 15 179
64 23 89
153 11 179
119 14 136
125 2 132
130 19 152
100 3 120
119 21 144
162 17 188
159 1 161
113 14 133
134 5 155
40 1 56
65 23 105
161 12 189
138 2 155
162 27 204
113 22 148
144 7 156
46 1 57
92 10 104
164 11 175
143 22 182
170 1 188
108 13 124
88 11 112
72 22 108
136 5 145
129 6 148
90 24 119
124 15 143
90 18 113
57 24 97
112 1 120
152 16 176
134 18 165
134 14 154
131 2 138
168 12 194
85 27 119
49 3 63
92 3 96
128 26 168
85 8 105
80 1 95
57 25 96
88 8 103
150 14 170
64 17 81
144 4 161
132 15 158
170 27 211
80 18 98
95 12 115
123 7 131
159 22 191
73 18 104
118 22 156
135 19 156
74 10 93
122 18 153
80 4 93
117 25 153
127 13 156
115 2 122
179 21 204
55 12 73
74 27 118
58 24 83
49 16 75
119 3 128
86 5 92
