200
121 12 141 
106 14 123 
28 10 48 
52 25 86 
6 10 28 
92 19 111 
72 13 95 
123 18 154 
22 19 44 
109 19 135 
140 2 152 
104 12 122 
198 15 225 
23 9 38 
84 7 102 
121 21 149 
28 13 50 
5 11 24 
29 14 54 
23 8 35 
104 11 127 
32 15 49 
182 24 209 
140 16 168 
72 18 94 
31 13 54 
41 18 70 
195 12 208 
148 13 168 
122 16 148 
35 6 48 
90 15 107 
126 17 153 
116 8 135 
93 25 118 
88 11 99 
21 21 45 
175 5 182 
50 11 69 
21 14 48 
152 20 172 
118 11 142 
106 18 135 
146 11 164 
64 13 78 
97 21 128 
153 10 169 
195 16 220 
192 17 212 
91 12 108 
145 20 166 
18 9 40 
189 3 198 
180 14 204 
130 15 156 
151 2 161 
147 13 171 
14 12 37 
29 9 43 
92 6 100 
2 12 20 
198 9 217 
119 14 140 
42 13 65 
72 13 86 
156 18 184 
164 14 191 
99 9 115 
129 14 145 
198 4 203 
131 12 146 
128 12 153 
82 20 103 
78 18 100 
79 17 102 
159 8 171 
95 18 124 
97 9 117 
132 13 147 
197 14 221 
113 13 139 
121 11 133 
75 6 94 
125 2 135 
42 13 61 
47 16 65 
185 19 216 
76 11 90 
63 2 75 
93 9 106 
43 16 62 
22 11 43 
109 2 122 
191 4 205 
67 15 90 
152 16 168 
169 4 175 
184 11 208 
85 10 99 
116 20 149 
42 8 58 
118 19 139 
27 9 49 
134 11 155 
181 16 208 
193 20 213 
18 18 45 
111 16 128 
25 8 39 
80 11 100 
141 14 163 
145 18 171 
187 8 207 
21 21 54 
127 7 135 
127 14 146 
76 21 98 
180 8 200 
8 23 39 
97 15 116 
75 22 107 
23 16 45 
144 11 161 
3 22 33 
51 8 71 
61 11 76 
175 10 186 
101 11 120 
197 14 217 
112 10 134 
90 19 110 
32 10 48 
55 6 62 
45 14 65 
173 11 192 
133 21 166 
12 17 37 
26 19 52 
126 26 161 
14 10 28 
84 9 97 
113 4 123 
155 16 177 
130 11 152 
189 17 218 
141 14 160 
84 6 92 
162 15 187 
8 15 31 
128 16 149 
152 13 169 
31 12 56 
107 12 127 
61 9 77 
135 14 161 
96 10 113 
149 13 174 
96 18 126 
90 18 115 
84 11 102 
34 7 50 
123 21 150 
66 13 82 
60 1 63 
102 4 111 
165 30 205 
182 8 198 
13 6 23 
24 20 47 
144 4 158 
194 13 212 
150 13 173 
188 16 207 
6 12 29 
11 19 35 
154 8 164 
77 20 98 
100 3 114 
53 2 62 
34 25 70 
30 18 58 
156 20 182 
154 15 172 
92 14 114 
45 17 73 
188 10 200 
150 9 168 
47 20 74 
179 21 205 
122 14 136 
86 14 113 
154 11 178 
166 27 195 
46 20 79 
72 15 91 
187 9 207 
79 16 101 
100 21 125 
127 14 149 
186 21 212
