50
97 713 824
46 36 95
144 367 561
116 627 764
94 772 956
108 183 326
32 905 948
32 853 911
41 657 730
110 318 526
115 655 857
67 419 503
15 453 471
76 672 755
100 92 259
97 13 173
44 74 171
37 690 727
39 743 827
48 577 663
26 830 860
100 849 1054
106 165 327
41 712 773
108 159 358
62 676 798
75 50 166
99 295 415
10 460 482
39 665 752
101 69 173
129 957 1088
118 308 516
61 6 103
32 118 174
98 745 848
38 251 319
68 748 843
104 482 591
130 638 869
42 679 763
96 838 984
51 274 381
58 713 837
84 153 287
119 838 1005
11 279 300
58 887 980
131 411 659
67 64 178
