300
8 0 8
16 0 16
12 0 12
13 0 13
4 2 6
11 2 14
9 4 13
1 5 6
1 6 7
16 6 22
10 7 17
18 7 25
4 10 14
11 10 21
1 11 12
15 12 30
3 13 16
7 15 22
5 15 20
16 18 34
14 19 34
9 19 28
8 21 30
8 22 30
6 25 31
12 27 39
12 28 42
12 28 41
16 29 45
19 33 54
9 36 47
12 36 49
17 42 62
3 43 46
13 44 57
19 45 64
13 46 60
6 48 54
4 50 54
12 50 63
3 52 55
12 54 68
3 54 57
18 57 75
5 58 64
13 61 76
15 62 79
19 68 87
16 70 89
11 72 83
6 72 78
2 73 75
13 74 87
6 75 81
16 76 94
18 77 95
7 80 87
15 83 101
9 85 95
10 91 102
5 92 97
14 93 109
15 93 108
16 95 112
8 95 104
16 98 116
16 101 120
13 103 118
7 105 112
6 108 114
18 109 128
14 112 128
12 112 124
6 116 123
8 116 125
2 121 123
2 123 125
1 124 125
11 125 138
12 125 138
14 125 141
9 127 137
13 130 143
15 133 149
14 134 149
14 138 152
4 140 144
6 141 148
8 142 150
5 143 148
4 143 147
2 145 147
4 146 150
10 146 157
16 148 164
13 149 164
8 152 161
6 152 158
2 154 156
4 155 159
8 157 165
18 158 176
10 158 168
19 159 180
6 161 167
12 163 175
1 166 167
3 167 170
2 167 169
1 168 169
1 169 170
14 169 185
8 170 178
11 173 185
4 173 177
2 176 178
8 177 186
13 177 191
9 178 188
7 180 187
1 181 182
17 182 202
2 184 186
16 186 205
5 186 191
6 188 195
5 189 194
19 190 209
9 192 201
9 193 203
6 195 201
1 196 197
18 197 217
13 199 214
5 200 206
13 203 218
16 204 221
13 211 225
13 212 226
14 213 227
18 214 233
13 216 231
17 217 234
15 221 238
6 224 230
2 225 227
2 225 227
8 226 235
13 226 240
1 232 233
3 232 235
10 233 244
7 233 241
11 235 246
5 238 243
2 241 243
3 242 245
11 243 256
11 243 254
12 243 256
10 244 255
5 250 255
16 251 270
3 253 256
19 253 275
17 254 272
3 255 258
4 258 262
4 260 264
17 264 283
12 267 279
16 268 284
10 272 283
6 272 279
14 272 288
5 273 278
6 276 283
5 278 284
7 279 286
4 281 285
12 282 295
18 282 304
13 284 298
18 284 302
7 284 291
19 288 311
10 294 305
4 295 299
2 296 298
13 296 311
9 298 307
7 299 306
14 299 314
8 303 312
3 305 308
16 306 325
19 306 326
12 308 320
6 309 315
19 310 329
19 313 335
4 320 324
18 321 342
16 321 337
18 323 341
8 325 334
19 328 349
16 329 347
12 331 343
19 334 353
3 335 338
13 336 350
16 336 353
10 337 349
11 338 349
18 340 361
13 345 358
10 347 357
17 349 367
1 350 351
3 351 354
10 354 364
18 355 375
10 357 369
7 359 367
6 363 369
14 363 377
16 364 382
18 365 384
9 368 379
7 369 376
7 372 380
7 372 379
7 374 381
2 375 377
18 377 397
15 377 393
11 379 391
18 380 399
3 382 385
11 384 395
2 387 389
11 388 399
3 389 392
9 392 401
13 393 406
7 393 401
12 393 407
3 396 399
18 398 419
2 398 400
15 399 416
7 400 407
15 400 416
9 404 413
17 405 426
16 407 423
16 408 427
1 413 414
15 413 429
8 414 422
10 418 428
9 418 428
11 419 430
16 421 438
18 422 440
11 424 436
5 428 434
4 429 433
8 430 439
10 431 442
8 431 440
1 436 437
4 437 441
17 439 457
13 439 452
5 439 444
2 443 445
11 445 458
12 450 462
16 450 466
11 452 463
17 454 471
18 456 474
11 457 468
6 458 464
17 459 477
10 461 472
5 464 469
2 467 469
17 468 488
12 468 481
13 473 487
8 473 481
1 478 479
8 482 491
13 489 503
15 499 516
13 516 530
11 530 543
