500
46 3 87
66 2 120
57 0 91
67 4 125
47 1 86
64 1 101
62 50 174
76 48 191
60 51 159
69 51 161
43 47 144
71 50 172
75 100 228
45 102 184
67 106 208
27 103 184
46 105 182
55 103 208
58 99 200
47 159 260
53 157 249
54 160 268
70 162 273
55 161 262
69 224 343
42 228 327
74 230 349
78 222 351
72 230 355
43 291 391
78 292 431
44 290 399
54 295 401
74 292 420
47 346 462
78 351 466
45 351 428
63 346 442
51 348 435
51 349 440
56 402 520
48 403 513
101 405 543
54 397 496
44 462 569
55 459 579
46 457 547
73 458 575
77 455 582
68 515 614
44 519 625
76 514 656
40 515 607
53 585 693
49 585 694
66 581 685
130 580 767
68 582 699
168 640 856
87 641 764
62 641 747
70 644 757
59 689 795
74 694 810
74 695 836
45 692 800
52 698 793
62 697 791
51 758 873
44 766 878
75 759 886
64 761 868
64 762 877
78 811 942
71 812 932
43 817 898
58 819 938
49 811 906
57 811 913
65 820 934
58 864 960
64 864 997
47 867 954
44 867 972
63 922 1052
73 923 1057
66 920 1020
56 918 1038
42 925 1003
69 921 1029
49 916 1002
73 984 1110
66 980 1096
55 980 1070
63 983 1094
48 986 1092
42 1031 1141
54 1037 1142
54 1033 1122
65 1038 1159
59 1081 1178
55 1083 1175
61 1086 1183
74 1082 1211
55 1085 1187
51 1087 1202
59 1156 1279
50 1155 1240
65 1151 1285
40 1153 1247
56 1153 1250
44 1207 1299
75 1203 1344
64 1206 1324
73 1203 1307
47 1207 1305
47 1259 1345
46 1258 1360
62 1255 1363
61 1260 1374
61 1254 1369
64 1259 1361
47 1309 1421
65 1312 1428
40 1305 1387
47 1310 1416
43 1311 1423
49 1304 1420
71 1311 1447
46 1358 1453
54 1359 1466
54 1355 1439
63 1360 1462
57 1364 1486
45 1361 1467
77 1424 1556
59 1419 1532
60 1421 1521
48 1422 1511
70 1424 1530
72 1421 1545
47 1423 1510
42 1485 1575
59 1488 1595
79 1493 1638
42 1493 1594
55 1552 1644
53 1549 1635
64 1553 1657
45 1554 1645
55 1550 1645
72 1554 1676
61 1555 1676
42 1621 1724
20 1620 1701
47 1620 1732
65 1621 1724
50 1618 1728
47 1676 1772
52 1678 1791
48 1677 1788
70 1679 1797
52 1672 1777
171 1738 1947
42 1738 1824
54 1740 1827
101 1740 1898
46 1792 1906
75 1794 1899
48 1788 1898
53 1793 1910
80 1789 1927
74 1786 1908
66 1787 1906
60 1861 1966
54 1857 1941
39 1858 1933
62 1855 1977
41 1862 1963
121 1860 2022
59 1862 1960
54 1924 2020
77 1931 2057
68 1924 2034
68 1928 2056
53 1931 2037
40 1982 2081
77 1988 2121
43 1985 2082
71 1982 2092
61 2050 2142
54 2057 2179
79 2054 2177
52 2052 2135
73 2051 2163
67 2051 2170
67 2052 2150
66 2117 2215
40 2116 2187
58 2114 2231
156 2115 2331
99 2120 2263
65 2119 2233
77 2118 2229
65 2168 2299
50 2174 2288
49 2169 2287
60 2175 2275
57 2171 2267
48 2226 2337
77 2226 2364
44 2225 2334
68 2226 2330
130 2222 2409
69 2224 2351
57 2277 2370
43 2282 2364
80 2275 2423
60 2278 2388
67 2337 2448
49 2341 2420
59 2338 2432
70 2341 2455
72 2392 2513
83 2399 2514
47 2393 2478
100 2390 2534
74 2390 2523
63 2396 2518
77 2399 2513
63 2457 2559
33 2452 2529
99 2458 2614
43 2453 2541
52 2507 2610
52 2506 2598
42 2507 2613
40 2512 2607
56 2510 2612
75 2507 2650
57 2572 2691
79 2569 2716
54 2573 2694
72 2565 2699
51 2574 2668
72 2568 2694
71 2629 2745
50 2633 2738
77 2630 2754
54 2631 2748
64 2679 2775
59 2683 2779
48 2682 2798
74 2682 2801
48 2681 2778
57 2746 2866
60 2737 2828
58 2741 2849
77 2740 2863
65 2793 2919
64 2792 2922
48 2790 2894
66 2790 2893
76 2795 2933
56 2793 2899
70 2796 2896
89 2855 2975
56 2858 2946
57 2855 2956
47 2853 2941
66 2858 2964
30 2917 2983
64 2914 3024
73 2917 3050
54 2919 3040
60 2921 3017
23 2917 2983
53 2986 3071
59 2992 3097
72 2992 3099
99 2987 3137
56 2992 3114
70 3043 3160
42 3049 3122
42 3048 3120
40 3040 3135
72 3042 3169
61 3041 3149
60 3112 3238
62 3113 3229
52 3106 3190
104 3114 3263
51 3106 3225
44 3172 3284
63 3176 3284
63 3173 3284
76 3173 3291
42 3174 3246
65 3173 3306
64 3175 3274
54 3230 3344
71 3233 3358
40 3226 3333
58 3229 3352
70 3289 3399
66 3290 3412
57 3293 3385
70 3287 3390
61 3287 3381
79 3286 3430
73 3289 3397
43 3357 3456
57 3355 3475
57 3352 3475
101 3358 3508
46 3358 3473
72 3353 3469
43 3418 3523
45 3420 3520
97 3415 3578
55 3423 3519
91 3424 3577
54 3421 3544
50 3475 3567
67 3479 3605
64 3476 3600
29 3473 3551
49 3475 3578
60 3472 3567
40 3478 3566
70 3536 3646
78 3538 3674
77 3533 3674
50 3537 3653
75 3587 3721
45 3590 3695
46 3590 3693
51 3585 3684
40 3583 3667
44 3584 3683
65 3582 3685
69 3655 3784
63 3657 3781
71 3658 3759
61 3649 3761
54 3654 3746
57 3650 3765
65 3710 3811
43 3710 3794
55 3713 3820
55 3713 3812
57 3709 3805
95 3759 3896
59 3765 3857
49 3760 3858
41 3761 3856
42 3833 3935
77 3826 3957
54 3833 3929
58 3828 3939
70 3885 4016
52 3882 3976
76 3880 3998
73 3882 3989
68 3942 4066
41 3942 4048
74 3942 4083
66 3940 4061
79 3992 4136
69 3985 4108
67 3986 4115
49 3985 4092
77 4053 4163
58 4047 4148
50 4044 4144
72 4050 4161
60 4107 4225
70 4100 4232
42 4102 4202
77 4107 4234
47 4098 4211
55 4161 4259
78 4162 4293
76 4161 4278
41 4164 4243
57 4164 4272
54 4231 4345
46 4228 4311
52 4231 4335
75 4226 4366
51 4227 4343
75 4232 4364
74 4286 4398
78 4280 4422
127 4288 4473
74 4282 4399
40 4344 4428
50 4351 4437
40 4344 4439
87 4349 4499
54 4350 4471
54 4395 4493
51 4400 4503
39 4395 4490
64 4400 4515
47 4468 4561
67 4462 4560
78 4465 4592
74 4460 4564
75 4460 4566
63 4511 4622
73 4518 4625
67 4515 4643
74 4514 4634
75 4511 4655
64 4519 4645
59 4568 4659
70 4566 4674
107 4562 4734
67 4570 4689
54 4568 4673
131 4617 4782
86 4619 4751
44 4616 4710
44 4615 4710
69 4613 4725
79 4614 4734
57 4679 4799
65 4677 4791
45 4671 4771
62 4673 4783
49 4746 4864
57 4743 4842
55 4739 4856
57 4739 4829
64 4743 4871
43 4741 4826
65 4740 4873
65 4807 4923
45 4810 4889
54 4806 4920
55 4808 4906
65 4803 4930
54 4810 4911
41 4803 4885
59 4870 4982
54 4873 4981
64 4867 4968
48 4867 4962
58 4921 5046
40 4923 5003
44 4925 5002
72 4929 5036
50 4924 5035
78 4922 5053
66 4993 5120
67 4997 5100
52 4992 5090
71 4992 5108
65 4999 5133
67 4997 5131
57 4998 5102
52 5047 5145
40 5053 5149
79 5051 5186
52 5052 5170
145 5106 5307
43 5107 5183
76 5101 5212
71 5101 5212
43 5175 5264
48 5169 5274
43 5168 5244
55 5176 5283
41 5172 5269
77 5236 5373
74 5237 5375
41 5240 5330
40 5238 5323
62 5244 5347
49 5312 5426
71 5310 5414
52 5304 5404
79 5304 5432
43 5304 5388
49 5310 5408
47 5362 5466
67 5365 5482
55 5357 5452
44 5357 5445
126 5356 5551
60 5428 5538
76 5431 5537
70 5429 5535
73 5425 5541
74 5495 5624
76 5498 5630
47 5492 5587
58 5493 5604
47 5499 5583
