450
44 1 74
129 2 322
57 4 119
37 0 85
138 0 262
54 2 151
42 77 148
49 73 199
36 82 138
51 73 158
43 79 193
39 83 155
92 109 287
49 112 230
138 113 361
36 116 174
88 112 341
56 190 359
37 190 250
53 193 275
30 238 288
43 241 323
31 235 286
82 275 474
56 280 384
56 356 439
44 354 487
48 351 431
50 391 498
34 397 491
53 396 477
41 391 458
48 389 489
32 440 525
54 436 560
57 432 532
46 433 528
41 441 505
120 442 724
30 503 567
52 504 618
84 540 785
44 541 665
94 541 824
41 538 644
50 624 733
33 621 700
44 655 757
98 662 842
39 652 745
31 655 721
50 657 801
30 717 783
36 717 775
31 713 763
59 745 853
120 745 963
36 751 811
46 751 885
51 804 879
45 802 897
42 832 913
54 839 925
84 834 1018
36 840 902
43 875 1003
129 874 1106
40 872 946
47 870 986
48 876 960
48 873 970
53 935 1015
57 933 1067
126 933 1157
37 937 1001
56 933 1082
57 975 1093
40 984 1075
56 982 1124
38 977 1039
30 977 1051
58 1013 1186
40 1018 1088
41 1010 1135
54 1011 1103
90 1011 1228
56 1008 1135
43 1085 1177
138 1077 1286
32 1075 1146
30 1164 1228
54 1162 1291
33 1162 1231
49 1207 1316
38 1212 1285
58 1239 1370
58 1241 1376
56 1246 1411
34 1241 1300
57 1249 1357
53 1242 1327
48 1287 1422
54 1287 1439
35 1344 1397
39 1340 1419
30 1343 1410
53 1339 1420
46 1340 1456
135 1337 1746
96 1404 1638
42 1404 1504
51 1406 1555
56 1414 1542
57 1406 1499
45 1463 1583
80 1464 1638
52 1460 1550
47 1541 1614
46 1539 1650
57 1536 1666
36 1532 1603
48 1570 1684
30 1572 1629
47 1612 1708
120 1615 1878
59 1618 1779
49 1696 1780
59 1700 1874
55 1741 1827
38 1749 1828
44 1747 1846
33 1745 1820
31 1783 1836
37 1781 1843
84 1787 2002
36 1789 1877
126 1781 2086
55 1829 1960
34 1832 1909
98 1829 1984
55 1834 1943
59 1832 1934
30 1898 1972
52 1905 1998
39 1897 2017
35 1904 1977
49 1905 2017
39 1935 2054
38 1936 1997
51 1977 2082
38 1971 2062
40 1971 2087
50 2014 2097
44 2015 2135
52 2008 2147
31 2013 2105
144 2009 2386
30 2015 2072
59 2069 2185
39 2078 2151
42 2070 2199
43 2126 2205
52 2134 2273
55 2129 2254
39 2126 2190
44 2165 2252
48 2161 2303
86 2165 2327
58 2166 2256
37 2167 2275
31 2229 2313
37 2234 2322
55 2233 2312
37 2235 2296
54 2236 2386
47 2230 2305
54 2262 2395
43 2262 2363
31 2320 2373
45 2313 2409
59 2318 2409
44 2319 2442
138 2313 2549
49 2318 2442
44 2387 2456
86 2381 2588
40 2381 2490
49 2384 2489
44 2424 2517
30 2424 2500
32 2421 2473
44 2427 2535
42 2421 2546
52 2429 2503
51 2469 2588
33 2476 2537
59 2473 2624
54 2473 2622
56 2474 2594
52 2467 2580
53 2516 2600
90 2511 2672
59 2587 2682
51 2591 2741
42 2649 2772
34 2650 2700
43 2643 2749
35 2648 2747
56 2652 2774
45 2646 2718
45 2691 2811
36 2687 2747
37 2719 2788
86 2718 2980
90 2722 2857
49 2796 2909
38 2801 2895
59 2801 2926
82 2801 2928
47 2854 2940
48 2857 2947
38 2862 2958
50 2909 3048
43 2909 3015
52 2914 3048
52 2910 3064
31 2905 2954
56 2956 3074
59 2959 3057
47 3005 3124
44 3000 3129
43 3044 3129
98 3039 3327
50 3048 3123
43 3047 3150
51 3049 3155
50 3046 3128
98 3107 3404
96 3112 3254
35 3188 3286
45 3194 3264
41 3226 3285
138 3216 3578
42 3226 3333
48 3225 3320
56 3219 3320
41 3220 3318
48 3265 3349
30 3274 3343
82 3272 3440
31 3308 3390
59 3303 3419
58 3306 3399
138 3310 3693
39 3374 3478
58 3369 3489
51 3410 3526
82 3408 3622
38 3415 3523
45 3406 3535
42 3413 3522
35 3473 3537
57 3475 3556
46 3473 3553
34 3472 3528
30 3475 3525
55 3505 3649
33 3505 3563
44 3505 3597
41 3507 3587
53 3502 3654
120 3546 3744
132 3545 3790
90 3541 3810
45 3538 3607
43 3542 3651
55 3538 3666
38 3644 3741
36 3635 3703
55 3669 3814
35 3673 3737
50 3677 3761
90 3667 3896
33 3725 3815
55 3719 3863
36 3718 3795
54 3719 3849
45 3718 3819
34 3724 3815
58 3766 3910
59 3761 3937
56 3826 3985
58 3834 3950
30 3831 3913
52 3826 3938
94 3832 4064
135 3825 4193
47 3911 4021
35 3910 4003
88 3910 4067
35 3911 4000
34 3962 4013
37 3957 4059
56 3953 4084
57 3956 4109
31 3959 4033
42 3987 4117
33 3990 4043
55 3987 4134
54 3990 4109
36 3994 4066
40 3990 4051
43 4023 4090
52 4020 4100
48 4024 4132
41 4027 4083
34 4075 4131
55 4068 4224
51 4067 4217
34 4129 4225
53 4125 4271
53 4121 4255
45 4159 4273
41 4155 4246
51 4161 4288
52 4154 4234
55 4206 4338
41 4206 4304
47 4209 4347
54 4209 4346
40 4209 4326
33 4251 4323
31 4256 4340
94 4257 4533
37 4303 4394
48 4308 4445
31 4306 4380
46 4310 4375
40 4305 4394
34 4311 4404
55 4340 4476
57 4337 4464
48 4396 4535
43 4392 4481
42 4395 4462
40 4395 4499
32 4387 4458
49 4444 4563
92 4446 4606
57 4439 4526
90 4441 4648
144 4447 4714
34 4444 4536
55 4502 4638
31 4502 4594
141 4505 4726
35 4507 4588
33 4507 4553
41 4502 4587
120 4542 4785
43 4550 4656
35 4542 4639
46 4548 4646
54 4543 4626
41 4604 4724
51 4611 4692
90 4648 4811
39 4648 4707
54 4648 4773
56 4654 4783
49 4655 4742
47 4692 4807
36 4694 4772
84 4688 4900
41 4692 4759
54 4696 4808
57 4744 4898
39 4741 4846
54 4742 4858
58 4744 4901
53 4780 4887
37 4779 4880
42 4828 4935
43 4832 4954
51 4833 4906
44 4834 4931
56 4836 4947
52 4830 4939
59 4875 5007
40 4876 4954
48 4874 4974
41 4883 4988
37 4876 4963
49 4913 4989
86 4913 5062
45 4914 5046
34 4990 5069
56 4992 5105
51 4986 5120
52 4987 5092
54 4988 5106
41 5019 5141
42 5020 5111
53 5022 5139
52 5067 5199
50 5073 5149
47 5065 5158
51 5128 5260
44 5128 5260
37 5130 5198
47 5154 5299
30 5156 5209
31 5162 5216
58 5202 5321
49 5206 5307
53 5200 5337
46 5197 5282
55 5199 5321
32 5268 5339
36 5265 5335
34 5260 5320
50 5261 5338
86 5259 5495
37 5306 5369
39 5309 5365
126 5310 5622
33 5309 5356
90 5304 5577
51 5357 5485
30 5355 5425
34 5355 5444
32 5357 5410
33 5354 5448
38 5352 5463
48 5394 5494
56 5398 5526
46 5397 5536
52 5396 5554
32 5438 5490
34 5438 5524
53 5438 5573
48 5441 5536
38 5439 5512
56 5487 5641
50 5490 5625
59 5487 5656
54 5538 5699
48 5541 5637
54 5539 5618
42 5540 5616
