200
10 255 268
20 238 262
5 124 134
4 430 436
9 431 443
17 79 98
6 237 245
2 81 84
3 75 82
20 238 261
1 172 174
2 168 172
16 209 228
12 293 308
4 345 352
15 129 147
6 375 381
13 4 22
17 330 350
5 216 226
2 308 314
1 247 249
10 3 17
19 75 95
2 291 293
10 41 55
19 111 132
5 100 107
12 283 300
2 30 36
19 393 415
12 466 483
5 102 107
6 134 143
9 429 442
18 154 172
18 361 381
6 16 27
16 412 431
7 4 13
17 335 354
11 18 29
8 3 16
1 232 233
4 198 207
19 24 46
7 169 178
15 179 196
12 479 491
20 210 233
2 423 425
7 172 182
17 318 340
17 449 467
2 428 435
17 167 187
14 472 488
17 450 472
19 245 268
4 168 173
5 132 142
3 142 148
19 135 159
17 2 21
8 311 322
6 397 407
3 30 36
12 92 107
7 162 170
18 492 510
18 369 391
16 437 453
19 488 512
4 141 145
6 453 461
7 116 124
11 132 146
6 153 161
15 209 227
3 192 197
7 9 21
14 124 141
15 250 270
3 129 132
13 159 172
1 194 195
8 254 266
5 91 101
17 156 173
8 285 293
5 166 172
1 286 291
12 464 480
17 212 229
4 151 157
16 163 184
8 369 377
1 327 333
7 268 277
3 316 319
8 337 349
3 129 132
8 309 318
19 387 409
2 208 214
11 176 187
2 323 329
15 237 254
6 425 432
15 124 139
6 25 32
17 42 59
18 256 277
20 114 135
10 318 329
16 218 238
8 101 113
10 0 15
14 201 218
6 158 165
12 480 496
16 88 104
4 240 246
2 303 306
11 104 117
15 125 144
6 103 109
14 374 389
11 172 187
4 421 429
3 91 99
3 201 208
2 115 120
4 216 225
6 222 229
3 307 313
20 29 53
7 257 268
14 153 169
10 48 60
16 454 474
1 214 218
18 95 113
8 172 184
6 73 79
17 49 66
2 1 8
9 88 102
2 422 426
2 80 84
20 24 49
9 108 120
16 101 118
4 70 77
20 214 238
6 454 464
4 48 57
11 89 101
20 144 168
6 284 293
7 495 506
17 33 53
1 106 109
1 41 46
19 53 72
7 58 68
5 222 232
19 366 388
10 431 442
9 447 459
6 93 101
12 138 155
12 389 406
17 234 251
6 476 485
9 388 401
14 34 52
10 34 45
8 63 75
3 117 120
4 29 38
7 345 356
12 213 225
2 47 51
9 3 15
16 357 374
4 50 59
3 404 409
13 88 101
3 153 161
4 270 275
5 115 122
12 136 150
6 125 131
4 80 84
16 306 322
20 139 160
2 107 113
20 167 192
12 374 387
