400
120 4248 4474
73 4551 4732
133 4884 5155
135 674 887
21 1086 1109
86 5702 5849
28 4657 4693
91 7810 7966
21 7893 7921
126 2605 2880
25 4164 4219
126 3582 3851
15 7748 7765
136 7665 7825
123 6144 6321
108 3730 3898
103 839 1016
102 2668 2859
26 1521 1569
90 1728 1949
106 6765 6899
15 1734 1759
124 6696 6898
70 6427 6503
45 3701 3747
14 2902 2920
7 6521 6529
90 7390 7482
140 2974 3184
74 6337 6440
68 7856 7940
82 412 536
23 1553 1580
114 3942 4121
88 3410 3561
19 2872 2903
34 5323 5365
139 5103 5313
136 2900 3147
49 277 330
69 6902 6998
36 2987 3043
82 2396 2511
133 4718 4859
123 2978 3245
110 6973 7240
58 2022 2126
72 1453 1581
36 1879 1948
146 7204 7555
39 7211 7298
73 7036 7182
87 1406 1618
108 6650 6903
6 7407 7417
22 2440 2491
73 2552 2662
73 7741 7908
70 3131 3285
72 3047 3146
74 54 228
147 2459 2677
143 1250 1604
33 3177 3214
115 1066 1197
106 4162 4385
44 1100 1196
7 7233 7249
50 5746 5864
89 80 203
106 1527 1694
86 5793 5975
144 715 872
53 3338 3447
4 3330 3337
66 2119 2256
71 6525 6608
142 5018 5290
133 6492 6670
83 3779 3907
116 6380 6659
50 3668 3719
107 4152 4284
39 644 740
4 4765 4773
112 6218 6417
60 5229 5320
126 71 199
84 1496 1661
86 5749 5899
122 5680 5806
49 7797 7916
128 4126 4258
143 5873 6118
68 7396 7492
136 4378 4665
137 3368 3691
22 1184 1212
52 4349 4408
132 5285 5512
44 6426 6486
28 3387 3445
133 6580 6865
127 440 630
105 1453 1588
102 2594 2710
118 6101 6238
146 1199 1518
3 6053 6057
50 4022 4137
83 896 1070
61 3830 3946
138 5256 5412
78 1673 1829
129 2439 2570
68 5750 5906
35 1198 1275
92 1416 1521
23 512 552
115 7310 7471
126 3156 3343
105 651 862
15 192 222
65 788 909
119 3729 3932
133 398 729
49 5687 5772
73 3325 3478
124 6854 6983
52 7185 7279
40 1750 1812
112 3889 4082
27 5619 5652
46 1410 1480
100 5797 6030
31 7638 7694
105 6470 6660
80 3454 3637
47 2659 2713
92 3714 3931
20 6787 6826
75 3159 3252
34 590 626
63 6113 6224
1 1563 1564
16 6181 6215
71 6987 7106
115 376 526
35 6583 6647
121 3706 3994
135 7989 8126
78 2965 3117
75 7579 7757
7 7368 7381
39 338 410
135 4236 4431
95 7603 7816
37 4295 4342
23 3365 3401
31 5022 5058
46 5430 5487
76 682 863
15 2579 2600
27 6021 6049
142 1004 1208
85 2699 2794
28 4096 4139
139 5335 5563
47 4651 4752
58 1824 1919
63 2800 2937
6 6664 6672
27 3403 3454
114 7354 7512
95 1623 1828
70 6832 6916
31 398 454
123 6632 6939
84 3998 4108
54 6668 6735
108 3289 3556
124 5646 5841
82 7033 7125
128 6829 7037
62 4822 4916
40 7333 7427
131 960 1133
17 4003 4028
135 1258 1478
5 6339 6344
78 7490 7599
147 3939 4169
132 4725 4997
33 7177 7212
132 2166 2458
66 483 636
86 7078 7265
36 4057 4108
17 189 221
72 7492 7628
114 4838 5060
41 7438 7493
50 5616 5716
6 4925 4938
108 1966 2125
76 4323 4422
105 230 479
98 6167 6330
79 3943 4022
68 6879 6974
147 3057 3368
66 3091 3193
96 4020 4168
22 5920 5969
87 7184 7398
115 5634 5846
122 3066 3192
3 5495 5498
82 5455 5544
55 624 704
135 2025 2179
118 3804 4020
48 4253 4341
146 1538 1772
13 4331 4345
25 5446 5484
141 7305 7558
9 4144 4165
124 5319 5600
83 1858 1975
81 7085 7235
97 5715 5909
17 3746 3772
11 2221 2235
130 5297 5568
26 4470 4501
56 3525 3593
52 7166 7244
96 7133 7324
120 780 922
53 125 251
12 5526 5543
111 967 1226
1 7177 7178
29 5533 5562
116 1981 2168
27 897 931
82 35 212
13 226 242
85 3973 4182
55 3054 3144
115 4594 4724
68 7394 7494
98 5600 5720
5 2064 2075
48 3691 3762
9 7118 7129
21 4448 4482
40 7037 7095
105 3059 3243
104 5680 5895
111 1682 1907
120 6595 6748
39 126 195
144 4937 5094
91 3810 3966
67 3411 3513
82 2208 2309
106 365 626
72 4640 4786
58 7689 7795
53 3951 4030
35 1970 2024
59 4018 4131
71 2543 2701
85 4714 4887
89 1098 1294
75 2630 2710
17 4776 4797
139 7191 7525
31 5535 5587
54 1888 1999
130 6110 6432
69 2090 2191
47 6538 6592
27 3698 3759
96 3100 3304
133 4713 4970
142 6480 6628
130 3479 3699
120 4040 4285
35 5711 5786
38 7525 7576
97 6519 6620
65 2237 2308
68 6278 6350
36 5813 5894
116 453 661
27 6842 6876
146 128 343
109 2071 2311
21 5087 5123
103 7131 7296
68 4386 4456
31 3053 3088
116 5878 6141
134 716 989
76 4002 4128
33 1645 1708
88 4830 4966
15 2795 2815
2 3081 3084
144 65 353
142 4459 4749
25 756 783
94 2752 2913
142 4715 5027
7 6993 7003
88 5212 5411
99 821 935
77 3085 3195
61 4402 4553
82 7752 7952
47 6173 6272
7 4162 4178
39 4181 4238
31 6027 6087
147 7037 7245
14 7480 7502
37 5246 5297
98 1510 1746
36 4728 4788
130 6034 6197
56 7542 7647
29 3957 3988
88 671 869
38 1445 1491
95 197 322
111 2019 2145
55 7289 7418
42 5225 5328
140 3912 4140
9 1198 1218
119 932 1126
10 3804 3827
52 7433 7530
6 4016 4028
78 2187 2337
138 4547 4822
100 545 660
132 7833 8042
141 1243 1513
53 94 189
56 7538 7608
62 5385 5513
93 5537 5680
43 2596 2687
12 1208 1220
54 2664 2784
89 2085 2194
34 2871 2919
94 5323 5468
90 6081 6181
43 3773 3872
103 3322 3526
128 6028 6189
138 2074 2350
132 6540 6680
117 530 788
59 5199 5334
75 560 714
7 733 742
15 425 444
33 2778 2854
31 7526 7566
120 4234 4394
80 2619 2790
123 1805 1940
23 7953 8002
29 6880 6943
101 1694 1904
23 7595 7642
103 1938 2076
30 132 196
46 3005 3072
84 7753 7858
94 7859 8015
71 3257 3390
39 5477 5562
29 5428 5484
122 845 1021
32 3208 3240
78 3108 3187
40 1010 1060
15 7658 7687
124 6929 7181
103 4435 4552
131 3069 3320
116 2257 2490
3 7860 7865
