150
8 8 19
6 12 18
4 0 4
1 15 16
5 13 18
8 16 26
3 1 9
12 29 41
8 8 17
7 21 31
7 24 37
6 5 15
9 16 28
13 22 36
11 25 38
6 5 15
11 15 30
11 5 17
2 20 24
1 9 15
14 4 19
3 11 20
11 23 34
1 10 16
14 16 35
4 19 27
6 18 25
11 8 25
12 15 30
9 6 16
13 28 45
13 17 31
1 12 14
4 14 20
3 2 9
2 18 20
7 8 18
3 0 4
7 12 25
11 19 34
14 6 25
14 22 36
12 9 21
12 13 28
2 10 17
3 17 25
10 10 25
13 4 23
5 23 29
4 14 23
1 20 22
8 25 38
10 0 10
12 5 19
1 28 32
8 3 15
3 15 18
9 1 15
13 21 39
12 11 29
7 6 19
1 15 17
4 16 20
10 28 41
11 21 34
6 12 23
5 7 18
13 15 33
3 10 18
12 23 35
9 0 13
13 20 35
5 5 12
7 7 17
7 10 22
12 27 44
7 4 13
14 1 15
2 0 7
8 8 18
8 5 15
7 9 19
3 13 22
2 27 31
11 14 27
7 10 21
9 14 29
14 5 24
1 10 14
3 1 4
1 7 8
12 9 21
6 9 19
3 24 30
10 26 36
14 25 41
2 25 29
11 10 27
3 13 19
13 12 30
10 13 27
9 7 21
6 2 12
8 11 22
11 27 43
6 7 19
3 2 7
5 18 26
6 22 33
7 24 34
7 24 32
5 11 20
5 28 33
3 17 21
1 28 34
2 20 27
10 9 19
12 11 26
2 13 17
10 26 37
14 23 43
8 23 33
1 27 29
5 15 20
5 9 19
13 22 37
14 17 37
13 11 29
8 12 26
11 6 19
9 28 42
10 23 37
8 7 20
2 17 25
9 9 21
6 17 27
1 8 11
10 19 31
11 28 42
8 19 31
14 0 19
4 27 35
4 9 13
13 11 26
12 13 28
1 22 24
3 1 6
8 8 19
4 24 34
4 1 5
