300
40 3 106
62 3 116
50 4 88
74 2 111
48 0 89
74 0 108
72 0 118
76 64 205
110 63 211
47 67 165
64 66 180
56 115 228
75 116 230
28 120 181
85 120 269
70 123 225
40 123 196
59 185 285
73 185 316
49 182 300
70 182 288
82 183 324
67 241 367
61 246 370
79 237 379
45 237 342
43 291 392
90 299 447
60 299 412
50 292 396
44 300 381
55 299 384
40 354 448
74 357 469
71 349 476
59 355 455
40 352 425
70 356 462
45 356 467
72 408 516
67 412 542
58 404 527
76 405 524
58 407 516
44 412 499
71 404 513
69 470 578
41 470 560
44 474 570
47 477 587
62 474 584
51 475 583
76 539 650
65 536 644
76 537 671
76 541 682
70 537 646
102 591 738
74 588 703
67 592 709
57 592 698
77 657 785
69 657 784
50 652 748
52 651 759
45 657 757
65 716 811
56 708 811
51 709 822
50 710 818
42 708 793
41 769 849
72 774 910
88 775 930
79 769 902
48 767 884
61 772 863
51 770 889
70 824 945
75 829 961
56 832 955
76 831 940
54 831 943
60 825 943
40 828 913
61 893 1021
101 887 1027
60 891 983
54 889 998
43 884 974
78 945 1056
41 950 1046
46 947 1043
71 952 1074
41 949 1025
48 952 1048
54 948 1046
78 1000 1130
79 997 1138
56 1001 1089
54 999 1085
73 1003 1128
58 1061 1183
40 1063 1140
48 1061 1177
61 1068 1166
64 1130 1256
66 1128 1233
53 1133 1216
63 1129 1228
73 1131 1242
75 1130 1246
57 1126 1225
56 1193 1315
41 1194 1279
63 1194 1291
55 1186 1277
66 1250 1361
60 1255 1374
50 1252 1333
65 1248 1378
53 1251 1360
62 1253 1360
68 1255 1373
42 1320 1418
75 1321 1444
64 1317 1418
53 1317 1438
50 1316 1405
44 1320 1433
56 1366 1458
68 1368 1496
61 1370 1478
71 1372 1473
50 1373 1472
49 1366 1480
62 1368 1493
56 1437 1555
77 1438 1561
50 1439 1554
109 1432 1597
75 1435 1540
70 1430 1564
65 1438 1540
68 1501 1616
59 1492 1612
56 1492 1578
49 1494 1587
48 1493 1587
71 1564 1690
76 1565 1689
52 1563 1678
59 1562 1690
67 1562 1691
68 1570 1688
57 1566 1681
79 1629 1777
18 1632 1710
77 1633 1767
55 1629 1749
68 1697 1800
65 1698 1796
56 1703 1823
83 1701 1848
115 1766 1912
79 1761 1883
45 1763 1860
59 1766 1876
73 1763 1880
63 1830 1959
45 1830 1937
51 1834 1929
32 1835 1900
43 1833 1940
54 1894 1980
128 1899 2062
52 1900 1985
45 1902 1993
43 1963 2042
46 1966 2044
55 1965 2069
55 1962 2051
32 1963 2045
67 2020 2133
50 2027 2134
68 2024 2129
74 2027 2147
41 2027 2108
74 2081 2206
63 2087 2192
153 2086 2306
62 2084 2198
72 2087 2211
40 2087 2180
53 2082 2171
68 2132 2249
77 2134 2261
70 2133 2235
43 2135 2244
73 2137 2259
53 2197 2314
77 2191 2308
46 2193 2295
43 2197 2308
72 2190 2302
68 2249 2351
53 2252 2360
60 2248 2371
126 2256 2438
42 2252 2332
74 2252 2360
70 2251 2365
78 2313 2449
45 2307 2387
70 2310 2414
78 2312 2444
67 2372 2484
78 2376 2508
111 2379 2555
47 2377 2489
73 2379 2490
76 2376 2499
78 2434 2575
74 2438 2550
79 2438 2561
56 2434 2532
75 2494 2636
43 2489 2592
51 2491 2602
171 2489 2729
53 2552 2661
61 2552 2656
65 2552 2664
68 2550 2673
63 2554 2672
56 2550 2649
64 2624 2732
57 2619 2738
70 2623 2731
56 2616 2731
45 2625 2734
42 2620 2704
40 2678 2751
65 2676 2804
78 2678 2790
60 2675 2780
40 2681 2770
60 2740 2861
43 2739 2843
20 2732 2813
61 2733 2837
59 2734 2852
40 2739 2841
34 2732 2819
133 2799 2987
75 2798 2928
77 2800 2910
68 2794 2925
66 2794 2929
48 2795 2892
79 2798 2929
71 2849 2962
40 2845 2916
52 2852 2957
73 2853 2986
54 2850 2941
76 2853 2993
87 2912 3039
58 2903 3011
75 2909 3039
42 2905 3015
44 2905 2993
57 2966 3062
74 2967 3104
75 2961 3066
17 2962 3039
66 2959 3092
62 2966 3062
62 2959 3078
68 3023 3127
79 3023 3150
79 3025 3155
41 3022 3116
75 3024 3142
67 3028 3163
44 3096 3181
46 3096 3180
52 3095 3210
42 3099 3196
53 3094 3190
68 3095 3213
43 3094 3182
56 3149 3247
69 3146 3246
66 3146 3276
75 3147 3268
45 3151 3264
64 3145 3265
73 3146 3263
59 3151 3249
