100
4 1 7
3 1 8
8 1 10
2 2 6
7 2 12
6 2 10
8 3 15
7 1 10
9 2 14
2 4 8
1 3 7
6 4 13
2 4 10
3 4 8
9 3 16
6 5 14
6 4 12
8 4 14
2 6 11
6 5 14
1 6 9
2 7 13
1 6 11
5 5 14
9 6 17
5 6 15
4 7 15
9 8 20
10 7 21
4 7 13
7 7 16
6 9 19
9 10 23
6 10 17
6 9 19
10 9 20
7 10 21
7 9 18
3 9 16
8 9 18
6 11 19
9 10 21
4 11 17
2 12 15
6 11 21
5 13 21
2 12 18
1 14 19
10 13 25
6 13 22
7 14 25
3 13 17
2 14 17
3 15 20
7 14 23
9 15 25
1 16 19
4 15 23
1 15 18
8 16 25
3 17 21
4 16 24
10 16 27
3 16 21
9 17 29
1 18 23
2 17 22
9 18 28
1 18 23
7 19 27
9 17 27
8 18 30
6 20 30
8 19 29
8 20 30
10 19 31
8 19 29
9 20 31
7 20 30
3 20 25
7 21 31
8 20 29
8 20 29
5 21 30
2 21 27
7 22 33
7 23 33
2 23 28
7 22 31
8 22 32
7 23 34
2 24 27
9 24 36
9 24 34
5 25 32
5 26 33
2 24 27
5 25 34
8 25 34
4 25 30
