300
6 4 11
6 3 10
3 5 13
6 4 13
1 1 4
4 3 7
5 3 18
7 3 11
6 6 16
8 2 19
3 2 8
2 4 11
2 8 10
5 1 9
8 2 17
6 3 18
5 1 15
1 5 12
7 9 19
4 5 14
4 5 13
2 0 3
6 4 16
2 9 20
3 4 15
5 8 18
2 6 16
1 9 19
1 10 15
3 12 20
3 12 18
2 7 11
5 6 17
8 9 21
1 10 13
1 6 11
3 10 13
3 6 19
3 10 14
5 5 17
2 11 14
6 10 25
2 8 19
4 6 17
3 10 14
7 11 24
5 15 27
8 10 25
1 13 22
7 15 26
1 7 18
6 10 16
6 12 24
8 18 31
5 12 23
1 13 19
7 12 20
6 9 22
6 17 25
5 9 15
2 12 23
8 14 23
8 20 37
5 20 32
5 13 28
3 16 23
7 16 26
3 15 18
1 13 14
3 16 27
3 18 23
1 19 28
4 19 24
8 23 39
8 15 32
3 13 16
7 18 35
2 17 26
1 22 32
5 16 24
8 24 39
7 18 34
6 24 31
2 15 24
1 18 27
3 18 23
6 26 41
1 17 26
2 25 32
3 23 32
5 21 28
8 26 42
3 22 32
1 24 27
4 25 34
4 24 33
3 21 30
5 20 27
7 20 35
8 29 39
5 24 39
6 30 37
7 20 30
4 30 40
7 23 35
1 29 32
1 25 36
1 30 32
7 28 41
3 22 34
2 29 32
7 29 39
7 31 43
5 26 37
6 33 43
1 23 25
6 27 40
8 24 42
4 31 39
6 31 40
5 26 41
2 26 30
3 32 42
5 34 48
6 32 43
2 35 46
1 30 35
7 27 40
1 35 39
6 29 41
3 30 36
3 32 42
1 34 43
6 28 42
3 28 31
8 35 52
7 37 46
7 30 40
2 36 40
3 29 38
3 31 44
5 35 43
3 37 44
5 32 40
5 38 48
3 38 48
1 37 38
1 41 48
6 42 51
4 39 45
2 41 43
6 38 48
5 37 50
6 35 43
2 34 45
5 40 49
4 37 41
5 39 54
8 38 50
1 43 50
6 38 53
8 40 48
5 36 48
3 36 49
5 38 52
4 42 48
2 41 44
7 40 48
1 44 46
1 47 54
1 38 39
5 45 51
1 39 43
6 40 48
3 46 54
4 41 49
4 48 57
4 47 51
2 43 48
5 40 46
7 42 59
3 47 54
5 43 49
7 42 59
6 45 51
4 47 53
8 48 64
8 43 54
7 42 49
1 50 54
2 45 51
5 45 60
4 46 53
5 53 58
2 44 49
4 49 57
1 45 49
7 50 59
8 53 66
1 52 62
1 47 57
6 54 64
8 48 62
2 49 51
2 46 53
1 47 56
3 51 58
1 49 58
7 49 64
8 51 69
7 50 65
6 47 56
5 50 62
5 54 62
3 58 68
6 57 65
1 59 62
2 57 65
3 57 70
5 53 64
1 56 65
8 56 67
2 59 69
7 52 69
5 61 69
4 52 62
3 59 65
1 51 57
2 52 57
5 60 68
4 61 73
2 58 69
7 60 67
8 56 74
5 57 72
8 61 76
4 61 72
5 54 61
3 58 62
4 58 70
5 64 69
1 58 66
3 55 58
1 64 74
3 63 76
2 65 68
7 63 73
7 60 74
2 67 69
4 63 68
3 61 64
7 57 68
4 65 69
4 60 72
8 62 74
8 58 75
4 60 71
1 64 70
4 69 78
8 63 78
8 66 74
8 62 80
4 66 71
8 70 88
8 61 79
4 71 84
8 63 81
6 71 82
6 64 77
8 72 90
5 63 68
5 65 70
7 63 80
7 70 77
2 66 75
8 70 80
7 71 78
1 72 76
1 68 77
4 74 80
6 70 78
6 68 83
5 75 82
1 65 75
4 71 77
3 68 80
6 67 80
3 76 83
2 69 76
4 75 85
4 72 76
6 69 84
2 74 85
2 69 79
2 71 77
2 68 72
2 79 87
4 69 73
3 74 77
4 73 78
