50
32 0 54
86 2 189
56 2 128
49 0 112
31 70 155
141 67 474
46 70 190
147 62 389
58 158 322
50 165 260
33 165 252
54 164 241
48 159 265
57 204 367
47 211 320
54 214 326
30 204 256
35 205 302
32 204 294
31 250 310
45 256 324
37 293 403
35 292 397
51 295 399
126 294 569
32 294 349
30 343 426
57 342 495
47 348 421
56 385 495
43 390 505
58 385 493
38 431 501
36 431 533
123 431 794
30 430 488
57 430 573
48 480 597
32 473 534
48 475 606
49 483 575
49 482 579
35 525 583
47 532 597
53 530 670
58 524 643
33 525 586
56 580 744
54 586 668
44 581 674
