150
34 4 95
46 2 138
40 0 60
47 0 112
49 3 78
96 47 244
34 42 138
46 49 130
36 108 192
39 116 227
123 114 442
33 108 205
34 165 224
57 161 328
144 159 379
144 167 451
45 159 298
90 164 415
35 249 329
41 246 310
40 251 357
42 253 362
47 248 343
33 246 308
58 292 423
51 292 371
38 295 373
47 288 360
49 288 378
55 339 476
42 345 435
90 339 519
40 335 403
135 339 622
59 341 474
31 412 479
42 409 500
53 405 535
40 407 516
54 461 611
34 454 529
144 461 843
35 456 528
54 459 584
30 461 515
32 516 582
56 516 677
46 519 611
49 517 598
37 519 570
55 569 726
36 570 675
41 570 661
96 571 711
43 569 657
33 624 718
42 622 694
34 618 683
59 623 731
40 624 683
53 623 719
45 663 739
39 662 736
36 662 722
44 663 785
120 709 1004
37 710 811
37 708 803
31 708 753
147 703 953
58 777 872
42 780 872
58 780 890
56 781 864
31 837 914
94 846 1084
52 840 964
59 846 934
59 840 969
45 919 1025
144 918 1301
37 916 972
46 919 995
58 912 1011
129 919 1171
34 982 1061
50 989 1058
31 984 1057
88 981 1115
54 1045 1184
144 1050 1274
36 1045 1134
38 1043 1135
32 1050 1124
48 1087 1158
96 1089 1374
54 1084 1248
82 1092 1332
80 1165 1305
30 1170 1220
57 1165 1294
40 1175 1281
47 1228 1357
53 1228 1310
30 1270 1327
41 1273 1332
47 1272 1356
35 1301 1394
144 1302 1728
38 1295 1375
94 1300 1446
88 1301 1560
43 1383 1492
50 1380 1481
50 1379 1466
86 1428 1561
41 1422 1506
30 1430 1490
41 1425 1493
43 1427 1501
48 1481 1625
31 1478 1558
31 1482 1567
88 1505 1700
49 1512 1644
46 1504 1580
35 1511 1584
34 1512 1605
58 1511 1623
49 1551 1701
82 1560 1759
45 1551 1644
38 1557 1641
41 1614 1734
54 1617 1773
86 1615 1783
80 1613 1747
59 1610 1788
30 1613 1701
50 1662 1800
40 1663 1772
52 1662 1748
53 1663 1797
36 1666 1757
52 1665 1769
50 1707 1836
41 1712 1834
57 1713 1825
44 1763 1888
47 1768 1859
