200
12 253 268
6 10 26
10 134 146
18 109 131
5 337 351
20 234 262
16 206 223
20 344 373
19 280 307
16 58 79
19 86 108
15 147 166
7 51 64
9 116 135
8 306 316
18 222 242
17 231 254
16 359 376
2 295 306
12 295 311
9 313 327
12 37 49
20 196 226
8 107 117
19 376 398
16 132 154
8 363 374
13 357 373
9 43 57
3 293 298
3 326 334
2 171 181
19 240 259
17 86 103
8 123 133
16 197 217
17 76 95
8 57 69
1 69 76
18 113 138
7 175 183
15 209 234
12 135 156
5 234 241
11 299 311
6 268 278
19 111 131
11 319 332
7 120 134
17 178 200
1 393 404
5 328 340
13 112 131
10 67 77
2 104 107
16 85 108
5 130 137
10 19 30
20 294 322
12 240 257
10 313 331
20 208 234
13 274 288
4 89 93
14 390 414
15 51 75
2 385 392
18 188 206
18 393 411
5 252 264
4 102 111
5 130 141
17 378 404
4 248 257
1 213 220
9 193 210
11 328 339
1 75 83
9 387 402
3 37 41
8 103 119
4 11 16
4 294 303
13 65 80
3 393 399
13 27 46
18 88 113
12 363 379
16 42 58
5 293 304
16 185 207
10 281 295
1 89 97
2 232 237
20 317 346
4 378 390
10 318 334
11 169 180
1 31 38
11 340 354
7 257 270
2 188 191
14 97 118
9 17 32
1 160 164
6 277 284
14 28 50
9 329 348
13 323 339
16 172 197
13 222 240
4 129 138
8 5 16
8 125 135
10 296 309
10 34 49
19 166 188
9 347 359
6 332 340
2 208 210
19 310 329
3 98 105
10 200 210
20 299 323
14 374 393
19 103 122
13 270 290
9 232 246
17 122 144
14 392 412
5 255 263
19 88 110
19 264 286
7 232 247
16 46 63
7 364 372
5 11 24
13 395 416
18 146 168
17 163 188
9 340 357
1 88 89
18 259 281
14 182 202
6 26 32
9 350 359
13 145 162
10 0 17
2 162 165
14 284 302
17 275 302
6 69 85
19 137 156
16 373 392
3 301 310
8 181 199
17 150 176
12 244 258
3 228 235
2 375 386
3 299 306
11 160 176
9 215 225
19 230 259
2 277 287
14 60 79
4 336 344
3 11 16
1 3 8
8 335 346
19 12 36
14 375 393
18 350 368
20 70 98
14 174 197
13 305 321
14 86 105
7 25 33
4 330 342
5 119 126
12 254 272
13 8 30
14 351 369
6 263 272
12 208 223
14 308 328
11 395 407
15 349 367
19 195 222
16 292 310
9 163 181
18 114 137
1 220 226
8 150 162
12 36 58
15 144 168
3 47 51
12 165 182
20 221 241
8 232 242
