500
11 1009 1022
13 128 145
19 425 447
13 51 66
18 113 135
17 610 633
12 766 783
14 482 501
14 855 874
16 923 948
13 827 847
15 749 768
18 255 279
16 978 1003
16 159 177
18 83 108
12 215 234
17 1030 1056
16 280 302
11 1130 1144
20 500 523
15 890 909
18 945 964
17 295 321
14 126 147
20 386 414
10 109 128
20 227 249
10 1239 1255
18 295 315
12 1153 1173
17 880 899
20 281 302
15 529 546
10 1075 1090
11 983 995
14 860 875
17 724 750
16 129 148
12 624 637
10 242 253
15 1171 1187
20 1012 1036
14 840 860
10 533 551
17 502 528
20 1088 1111
12 531 544
19 730 758
14 753 776
11 38 56
11 1141 1157
18 714 740
13 7 23
11 1246 1258
18 141 160
20 1154 1178
11 983 999
10 394 407
20 1250 1277
20 692 719
14 1235 1253
18 230 251
20 100 127
10 179 197
18 66 86
14 1093 1108
16 996 1021
12 989 1003
11 880 897
18 602 627
18 20 39
14 112 128
12 683 701
19 881 905
11 253 272
16 1228 1252
14 892 911
15 1099 1121
19 418 444
15 679 701
12 351 369
10 407 418
14 1002 1025
16 611 632
11 974 992
20 1236 1258
14 756 773
18 1153 1179
15 657 677
17 899 921
10 1208 1220
11 1062 1081
18 605 625
10 198 216
13 714 735
11 112 130
17 443 461
15 1211 1231
13 493 510
20 1051 1077
14 497 517
14 1195 1216
17 777 800
14 14 30
14 305 326
18 794 820
20 838 867
11 31 49
10 1024 1043
20 457 481
20 234 258
11 891 908
10 618 632
12 1190 1211
16 273 295
17 484 502
12 483 496
13 910 932
20 1212 1239
11 426 440
20 965 992
13 836 852
18 177 201
14 1086 1101
19 1241 1266
20 614 641
16 584 608
12 939 955
20 178 199
13 319 338
18 105 131
18 423 446
16 207 225
14 911 926
11 232 246
20 518 541
16 230 254
11 1134 1154
11 193 213
20 932 958
19 1091 1116
12 556 569
15 586 610
19 879 903
15 686 702
18 929 949
13 339 355
20 1028 1051
11 83 99
18 715 742
18 715 739
20 446 470
19 1123 1150
19 952 975
15 22 43
14 686 709
15 247 266
20 160 184
19 358 380
11 585 597
19 220 246
20 1002 1028
19 652 676
20 356 378
12 648 663
13 859 880
18 35 59
11 502 522
17 974 1000
10 386 400
11 832 850
19 1042 1063
15 1013 1036
14 566 583
13 967 985
20 826 853
18 516 543
11 760 778
19 152 172
20 80 109
12 939 959
12 626 640
20 805 828
15 994 1015
13 1165 1181
20 314 340
12 1179 1200
18 848 870
19 512 532
11 676 695
17 909 931
10 189 206
10 1055 1066
17 237 261
15 1059 1077
11 999 1012
12 202 221
17 351 376
14 854 877
13 241 259
14 212 234
12 567 583
12 11 27
10 107 126
18 558 581
14 191 209
17 1229 1252
19 1143 1164
14 376 395
12 821 836
13 477 497
12 743 756
18 938 962
13 309 326
14 862 884
11 303 316
13 677 693
13 896 912
15 391 413
17 40 58
18 274 294
13 1128 1144
17 139 161
13 899 913
11 1185 1203
12 614 633
13 474 495
17 627 651
18 302 326
17 178 197
14 885 906
17 958 979
20 166 190
13 446 460
18 1097 1124
19 788 816
13 22 44
15 944 966
13 524 540
12 207 225
11 562 578
11 482 500
15 758 777
15 92 108
11 690 708
12 977 998
10 682 699
10 1036 1051
10 1153 1172
10 990 1006
20 1013 1039
17 1235 1254
10 769 783
14 511 529
14 68 85
15 813 836
14 679 701
12 666 682
17 134 154
10 366 380
20 90 115
10 1237 1250
17 1014 1039
11 8 21
20 685 711
16 578 603
10 1142 1154
18 972 992
19 1151 1171
18 352 371
10 526 541
16 489 510
19 615 641
16 231 250
16 981 998
19 354 382
10 51 64
10 1059 1077
10 1154 1169
10 734 749
13 1151 1166
18 304 331
18 404 427
13 590 609
13 289 306
15 392 414
16 578 595
12 561 579
10 755 767
13 891 913
13 453 474
20 662 689
20 69 95
20 825 851
14 914 931
10 337 348
18 441 465
13 320 342
14 1236 1251
15 517 533
10 66 81
11 644 657
11 869 889
15 217 238
14 59 79
10 1140 1152
17 196 221
20 1154 1179
16 925 944
20 831 858
13 897 919
11 531 545
18 487 507
11 410 422
15 491 514
19 879 906
19 485 510
18 729 750
12 963 979
20 1118 1140
13 856 872
16 254 272
15 931 948
12 689 702
15 989 1013
10 463 477
20 577 598
18 1246 1269
13 729 746
11 744 763
13 1082 1100
13 288 304
19 301 321
17 1182 1207
13 551 573
14 602 623
14 1101 1120
18 957 978
20 867 891
15 846 863
19 523 548
14 746 764
20 783 807
16 412 433
19 843 869
13 1020 1036
20 899 928
10 994 1009
15 384 406
20 1053 1082
20 879 906
14 402 422
19 339 367
16 308 333
19 1223 1243
18 365 385
13 781 800
12 1060 1073
13 583 599
19 491 513
12 534 551
10 831 847
18 715 734
17 138 162
18 1178 1201
17 888 911
10 909 922
12 1102 1122
19 1161 1181
20 812 833
16 243 263
10 441 458
15 129 153
12 1042 1058
12 1236 1254
20 132 155
15 800 820
19 614 640
10 681 696
12 832 847
12 1194 1207
15 153 176
16 168 187
20 91 115
10 239 253
19 1085 1105
10 1194 1208
18 923 950
11 481 500
13 536 556
17 111 131
10 1056 1072
16 939 964
10 9 21
10 1141 1152
16 466 484
18 878 901
17 1090 1115
17 34 59
20 413 442
12 167 185
18 633 655
13 457 478
16 978 1002
18 493 517
18 323 347
19 201 228
13 498 519
14 63 83
11 540 555
14 524 542
20 227 254
16 762 785
18 917 944
13 771 791
20 288 313
13 28 49
17 569 594
11 1174 1190
14 1138 1156
16 598 623
11 610 623
11 1218 1234
20 414 439
11 554 570
11 252 265
13 179 197
20 142 171
17 493 518
13 1157 1172
11 601 614
20 628 653
10 989 1000
20 694 718
17 1051 1070
14 271 292
19 1240 1263
13 1067 1085
18 678 699
12 1106 1126
11 1184 1197
20 850 873
13 451 472
11 277 296
10 360 374
20 1065 1087
14 948 969
12 1200 1216
12 998 1011
17 434 455
19 823 843
10 805 818
18 883 909
19 1117 1144
18 644 671
10 234 248
11 15 27
17 706 724
15 218 238
16 426 451
11 458 470
10 636 653
20 1210 1231
16 89 111
15 397 416
15 176 194
16 387 404
12 449 464
16 260 279
20 858 887
19 1212 1236
12 681 696
15 142 164
20 25 49
18 952 976
17 1048 1074
16 5 22
17 915 938
18 59 81
14 888 903
13 239 254
18 1079 1105
20 45 71
20 1039 1068
13 304 324
15 1178 1198
10 369 382
17 976 998
11 602 622
13 1050 1064
16 941 964
20 57 85
20 1187 1213
11 1111 1124
14 629 649
20 755 776
16 457 482
16 43 65
19 488 512
