450
3 1066 1072
58 6208 6276
91 8214 8366
92 575 707
20 7219 7252
37 3774 3849
121 5611 5772
15 7829 7857
30 404 435
98 5792 6026
28 527 592
1 6391 6392
46 3187 3273
79 7070 7254
70 6640 6788
13 8839 8864
81 1154 1237
49 6194 6280
1 8432 8433
38 5739 5789
52 8693 8777
105 8403 8602
109 8297 8566
48 8377 8468
33 4866 4929
10 3272 3284
11 5815 5834
119 7019 7146
14 7982 8004
4 178 187
52 1207 1296
71 8429 8503
99 1198 1422
70 5738 5839
67 2744 2881
75 6649 6779
116 934 1091
88 203 305
58 6386 6465
123 7098 7320
122 643 862
119 1514 1727
42 7553 7608
40 8151 8215
35 7022 7087
30 8411 8479
4 6941 6950
61 7341 7424
16 7358 7377
8 4155 4174
21 4239 4274
112 2652 2819
55 2652 2711
86 2979 3068
92 3247 3389
123 6962 7193
48 7525 7582
95 1831 1978
42 4391 4465
25 7721 7749
127 1777 2073
82 2795 2950
5 6571 6578
58 3067 3183
122 953 1186
58 6454 6581
111 7677 7891
22 1260 1290
90 5020 5208
96 4447 4626
99 3912 4065
51 1672 1735
45 6465 6555
35 7750 7813
57 3372 3469
122 1386 1571
64 464 573
103 1604 1787
73 4951 5107
123 1943 2117
104 1765 1987
23 7881 7925
104 2435 2651
6 1620 1634
32 5393 5427
22 8276 8327
94 2491 2667
23 60 99
15 234 270
65 4216 4282
103 920 1042
115 3171 3408
70 8316 8461
94 1479 1705
69 7494 7647
31 2515 2563
118 3558 3729
96 6992 7170
34 4619 4668
129 3257 3565
88 2071 2245
63 4374 4457
68 7901 8026
63 427 555
61 6681 6751
119 5695 5940
59 1886 1957
31 4416 4491
9 4668 4683
79 370 453
1 615 616
12 6688 6705
47 6367 6442
14 593 607
69 3881 4039
116 1936 2121
61 2512 2633
83 8065 8269
69 5831 5935
24 5603 5648
44 2246 2344
58 5878 5986
18 8006 8038
106 4941 5157
67 6975 7083
26 8680 8720
86 3460 3577
1 8142 8143
28 6233 6270
129 6591 6864
125 1729 1947
98 6873 7040
28 6093 6139
22 4867 4893
28 5960 6007
51 2162 2267
97 8227 8363
94 7475 7668
16 8556 8583
4 6809 6813
89 8786 8981
71 1450 1611
17 3652 3680
56 6877 6995
14 4715 4743
78 4637 4820
121 6954 7162
122 869 1149
56 3601 3726
100 5499 5730
26 6670 6722
25 819 880
15 4068 4098
28 7778 7818
54 6801 6915
32 3601 3654
99 3124 3306
20 7002 7034
19 2771 2805
79 6278 6440
6 663 674
48 2698 2768
112 8983 9161
126 8244 8550
114 3059 3323
114 4136 4377
120 8884 9076
42 1318 1370
61 7320 7452
30 8231 8293
2 4607 4610
104 8972 9083
17 8559 8581
99 8119 8265
46 6730 6816
78 2960 3050
127 3005 3137
41 8359 8424
126 4885 5094
77 7615 7766
129 869 1018
89 4692 4862
16 1219 1244
60 4052 4145
77 3275 3465
113 4151 4269
118 355 512
105 7071 7290
41 2777 2820
17 4863 4888
3 4222 4228
36 3294 3353
112 6134 6375
6 8124 8132
111 3980 4244
99 5772 6010
114 5129 5337
34 3921 4004
34 1976 2018
87 2484 2622
46 7790 7880
93 442 666
85 2033 2129
87 8647 8787
121 8079 8325
128 6633 6855
104 2551 2728
21 3411 3433
17 3954 3980
5 3313 3321
84 2105 2271
46 1298 1379
45 5490 5547
74 6511 6670
96 7578 7748
73 2482 2577
69 4623 4778
52 4602 4709
50 6931 7038
112 4999 5187
30 8871 8919
121 1264 1395
45 1999 2110
17 7408 7436
126 6782 7075
125 8252 8501
34 7796 7856
60 6287 6431
32 1705 1744
113 3953 4129
80 6522 6622
9 3746 3760
107 6505 6686
38 6280 6342
118 1283 1435
29 8132 8165
86 539 631
52 166 285
64 6295 6416
80 6887 7068
63 8404 8514
27 6639 6680
74 3138 3254
83 8360 8536
50 8486 8593
122 4075 4201
66 66 176
107 7491 7740
6 5094 5104
63 5878 5947
63 1619 1685
129 5520 5765
31 573 638
125 5052 5225
10 8502 8512
88 632 799
104 8876 9054
110 5982 6215
80 2569 2767
50 1884 1982
106 263 404
119 3148 3271
45 2214 2306
97 627 811
38 8126 8197
26 1667 1708
9 6507 6528
84 8868 8958
87 8387 8545
103 2136 2361
86 856 955
72 1252 1412
80 4987 5152
104 6738 6972
43 4407 4495
69 8451 8622
17 2251 2269
29 1986 2015
53 8069 8187
40 6933 7000
62 2206 2309
35 7236 7274
124 3734 3960
39 1680 1725
26 5283 5312
104 754 948
24 657 690
75 4826 4951
129 5493 5693
119 4224 4442
101 1333 1525
28 2685 2736
87 3357 3477
36 5233 5315
126 8094 8364
12 2596 2621
32 5033 5106
83 4658 4753
60 3135 3267
110 4951 5096
127 3833 4107
85 4262 4368
7 4456 4470
67 4379 4517
76 6313 6447
70 734 812
73 7249 7348
31 8374 8411
30 1214 1271
89 762 976
25 7122 7176
85 1804 1997
129 7482 7667
26 7164 7228
1 2311 2312
2 8226 8230
125 351 653
94 82 176
46 5392 5442
58 327 396
26 455 485
83 5638 5785
10 3647 3670
3 6993 7000
86 4574 4711
80 244 364
90 8283 8401
1 5980 5981
62 5155 5271
113 429 681
92 2008 2174
19 1683 1706
67 246 392
9 8701 8721
32 236 303
56 2112 2179
73 7629 7711
93 2998 3221
11 4645 4657
53 6597 6726
120 3841 4115
50 768 874
100 7892 8098
9 5756 5775
19 1056 1095
96 3782 3975
32 3094 3128
46 6782 6839
43 1340 1402
78 5716 5876
32 6664 6712
2 8218 8220
51 2596 2715
85 7885 7981
43 8658 8756
102 6036 6290
49 1652 1737
99 4666 4867
8 7253 7265
24 7397 7431
77 224 356
69 6476 6556
116 2434 2583
77 5382 5508
72 1607 1719
67 4409 4480
77 8829 8955
38 5152 5192
1 6431 6432
15 1710 1741
125 1274 1571
44 3844 3925
59 4699 4846
17 8619 8648
91 7397 7529
38 1275 1316
107 8300 8464
8 4376 4394
45 1953 1999
8 3753 3767
81 3186 3316
32 8237 8311
36 7093 7143
70 6562 6707
113 8781 9042
108 3331 3516
101 7613 7721
70 1117 1224
88 6362 6572
20 6142 6173
113 8114 8295
54 3283 3377
91 2763 2898
4 733 742
127 8997 9268
36 7918 7999
71 1006 1110
36 4423 4505
13 2216 2230
45 38 124
74 3673 3819
57 2081 2195
11 8220 8240
109 5162 5271
56 2048 2137
56 4871 4958
97 778 886
46 1932 1987
91 1238 1384
21 379 405
93 7946 8136
103 6257 6439
3 8836 8840
73 4111 4201
57 2557 2673
82 840 1020
56 7379 7513
79 3686 3788
33 1069 1147
50 4915 4972
17 7962 7984
106 4488 4639
107 6434 6567
37 382 438
37 2392 2479
102 3342 3568
9 2513 2533
35 3003 3052
36 7652 7715
19 8921 8953
82 6796 6915
110 4387 4593
15 2354 2388
50 5283 5342
66 6389 6458
106 2644 2872
80 7984 8145
34 7666 7716
40 175 269
25 6221 6264
79 4952 5064
71 327 404
57 8142 8239
84 5707 5799
104 2491 2597
102 6775 6947
78 5804 5990
43 815 876
88 6328 6422
77 5118 5249
