350
1 306 311
3 442 445
1 198 203
4 193 201
3 324 328
11 120 131
3 835 839
19 826 848
7 408 417
4 117 121
13 748 761
8 238 251
4 726 730
11 874 885
17 486 506
16 372 391
10 525 537
17 807 824
5 349 354
14 615 630
7 204 215
6 662 669
10 663 677
14 610 628
1 189 195
3 94 100
13 297 314
8 369 382
2 348 352
1 388 393
15 462 479
14 409 428
8 729 742
6 656 666
20 672 692
1 57 63
7 678 687
7 149 159
10 422 432
5 173 179
10 561 573
11 367 379
8 83 92
13 169 184
16 300 316
15 418 438
17 63 85
4 359 368
7 16 28
4 168 172
4 868 872
17 296 315
4 376 384
11 204 217
4 27 35
18 138 159
2 823 828
5 732 737
17 819 838
3 266 273
18 272 294
9 334 347
18 194 213
4 69 78
17 278 296
13 206 219
3 493 497
14 164 181
9 12 23
20 14 37
8 5 13
5 105 115
10 116 131
3 405 412
19 90 111
12 345 360
12 743 759
2 872 876
8 759 769
6 659 670
6 109 116
13 156 174
1 597 598
4 379 385
11 0 13
14 144 159
15 333 353
10 140 153
9 257 271
15 1 19
12 416 433
9 146 160
9 205 216
13 239 252
2 450 455
14 736 750
17 839 860
15 408 428
15 262 281
12 425 439
17 91 110
4 177 185
17 47 67
6 664 671
6 355 361
13 293 310
10 137 147
20 800 821
6 3 12
18 279 297
9 347 360
4 537 546
15 512 531
9 630 640
20 348 368
9 232 241
20 317 342
9 874 883
2 19 21
3 146 150
18 6 27
3 387 391
4 268 275
15 576 596
10 370 384
12 359 372
20 542 563
8 656 668
16 331 348
20 763 784
15 221 240
15 321 336
20 392 415
3 51 56
17 420 442
8 429 440
17 161 182
5 197 204
10 395 408
4 248 253
16 525 544
6 240 246
17 689 706
20 332 352
2 290 295
10 789 803
7 51 62
7 492 501
14 437 451
4 269 275
14 272 289
9 715 728
9 205 215
19 79 99
13 142 155
16 192 208
7 388 397
15 115 133
10 362 375
7 296 308
5 434 442
2 182 186
17 437 457
11 106 122
1 794 799
3 154 161
15 334 351
20 225 248
6 308 314
15 729 744
15 351 368
3 201 209
8 527 537
6 326 332
11 19 31
5 58 67
6 343 350
6 740 746
12 474 487
12 138 154
8 637 650
5 257 262
17 820 837
2 192 198
17 289 311
17 41 60
9 275 284
6 341 352
3 231 237
3 171 175
3 410 415
11 562 576
5 346 353
13 354 369
14 578 593
8 519 530
4 244 248
12 170 184
3 155 163
17 303 321
6 338 344
11 522 533
13 509 527
12 40 57
17 90 110
7 365 375
17 156 174
17 218 236
18 144 165
20 116 141
14 228 243
9 136 147
6 721 730
4 78 87
16 386 402
2 622 626
18 662 683
5 398 403
20 853 876
5 98 104
18 181 199
14 658 673
12 761 778
12 147 161
8 418 430
17 250 271
4 717 724
10 80 90
5 274 281
16 463 481
4 424 433
8 463 475
1 132 137
6 367 376
6 30 41
13 684 700
8 738 747
12 24 36
5 239 247
20 405 426
18 750 771
2 199 205
4 363 367
8 275 283
16 523 541
3 264 272
3 225 230
7 783 795
17 21 39
10 73 86
5 591 599
18 556 574
19 851 874
5 716 724
8 68 77
16 253 273
12 553 565
13 333 351
8 329 342
9 264 273
12 777 791
10 728 739
19 267 286
20 16 40
17 484 503
9 648 658
19 156 175
15 88 107
4 844 851
4 332 340
15 364 381
11 52 67
10 287 302
4 237 243
9 285 295
2 700 706
17 40 57
1 557 561
6 145 156
11 580 593
11 781 793
18 666 688
8 163 176
5 616 623
11 242 257
6 811 822
11 626 641
4 556 560
14 298 314
20 287 312
13 92 105
15 247 264
8 622 635
7 336 345
17 1 23
17 711 732
14 156 175
10 323 337
16 817 836
8 249 258
14 487 503
3 0 8
1 462 463
13 672 686
9 88 102
13 158 173
13 425 440
13 731 749
3 158 163
8 867 878
5 453 458
4 505 513
16 514 532
12 151 163
17 619 640
6 77 85
2 792 796
16 235 253
16 51 71
13 124 140
13 404 419
15 67 83
1 109 113
10 454 469
9 25 34
18 738 759
3 667 671
7 419 427
11 10 25
2 362 367
4 640 644
5 382 392
15 365 383
1 375 379
4 477 481
20 270 291
4 154 163
10 551 565
4 27 34
18 743 762
6 867 876
19 387 410
18 52 71
20 4 27
6 837 843
12 110 124
18 823 842
2 39 45
16 367 386
2 607 614
