250
2311 542 4056
856 1917 3697
1360 5 2382
452 2382 4492
243 834 2172
1495 914 3853
225 354 1219
2352 610 3078
2190 1681 5576
1550 1204 4508
1314 237 2443
497 1679 3730
1123 2155 5481
2271 1611 4821
1330 22 1995
1414 1441 5109
1862 1827 5350
1307 331 2990
1220 954 4485
2270 2063 4959
1082 1868 5339
1965 749 4589
805 2133 4752
24 2024 4351
541 820 2160
1918 1551 4780
294 2153 2859
730 192 2542
1873 1609 5247
1599 979 4642
1968 262 4186
2311 2385 5457
1763 1146 4107
1483 608 2139
943 968 4310
513 500 1364
841 161 2540
1184 1006 2481
1891 1017 3669
982 2075 5520
551 1781 3013
1676 2003 5192
348 1826 3765
418 626 3115
857 1452 2731
1113 1666 4573
600 889 2645
1503 1221 2795
1435 949 4386
1554 1405 4667
932 1332 2506
1423 178 1610
991 2391 3460
2284 688 4163
255 649 1635
903 607 3899
2150 195 4092
564 1988 2876
1798 1038 3009
1013 600 1850
2447 188 3441
1347 2467 5025
1952 791 4313
1383 2004 3667
337 2493 5329
2001 1495 4503
2285 1664 5574
532 2486 5228
149 824 1064
961 1446 3107
984 2312 5150
911 862 3608
492 2371 4519
1890 253 2700
2029 2130 5462
681 1137 3697
1499 1821 4895
1534 2325 6313
2427 1394 5275
1935 1979 5493
1382 1672 4869
2129 223 2465
615 969 3539
1327 485 1970
1954 1160 3114
199 804 1600
2233 1825 5769
2 652 2153
864 2313 3785
653 1431 3739
684 2046 3335
381 614 2007
1616 1202 3622
159 1892 2347
1207 969 2700
694 1651 4644
1101 2197 5366
645 2363 3206
1243 1841 4305
1101 1173 4396
1068 873 3761
1419 1382 3263
2269 971 3648
2493 1495 4135
1095 678 2743
1996 11 4364
233 811 2910
770 326 1294
2358 1313 3761
123 1351 1599
1048 1751 3620
883 150 3196
1304 1900 3360
2387 2013 4677
1064 1426 2710
1579 1639 5338
1920 541 4912
2326 27 3756
665 1781 2577
1362 607 3232
1936 1750 3893
1934 54 2398
2360 202 3219
2386 977 3973
1331 446 2275
804 946 1843
1033 2336 4892
1682 206 3498
2259 2484 5520
125 2375 4514
1215 1561 5042
2500 2181 6806
1135 1145 2347
42 615 2944
240 1596 1957
1433 1883 4949
1046 360 2005
1257 2055 4277
874 2264 4848
2394 2381 5583
1323 2299 4062
672 2260 3747
639 500 3103
617 1363 3361
2059 2079 6475
469 2282 4152
93 1716 3311
1968 824 3091
462 209 2841
584 1210 2540
2210 1151 4947
764 1757 3345
1042 1893 3921
588 2406 3419
1743 1450 4517
1777 719 3096
2385 1431 5693
2381 1422 5594
1373 1630 5010
2097 99 2889
1061 1866 3736
12 1876 3429
808 1139 2307
967 466 3360
305 2345 4326
775 2317 4530
922 1159 3328
2166 926 4097
1973 291 4080
2353 609 4651
1778 864 3971
492 1749 2365
1607 1025 5078
734 42 1378
451 1085 3874
49 2307 2890
231 1951 4414
961 1800 3878
987 453 2720
645 107 2496
2228 1441 4076
2474 1965 5627
2093 796 3401
2080 1052 4755
489 2155 3425
1819 1643 5860
2414 1777 6075
784 1267 2477
1629 2464 4232
848 2032 5096
347 731 2076
2149 387 3998
854 1635 3933
1355 1306 3650
199 5 1960
2206 1854 4699
139 479 2753
1010 1105 3173
768 1947 3021
1731 711 2823
996 1067 3063
518 1774 3073
655 618 2261
1677 1024 4107
242 506 1803
2327 2147 5382
1773 2252 5450
2145 2111 4376
2321 1643 6318
2132 1985 5655
2206 562 3240
420 300 2549
2098 777 4631
2243 62 2462
746 1002 3172
1949 574 2688
48 648 1301
428 1406 2907
336 1728 3383
32 2044 2204
163 1262 3013
1508 1632 4039
813 1640 4222
294 2392 3640
471 1026 3860
1558 1260 5116
131 2117 4330
1302 1137 3794
383 2353 3175
2479 1608 4093
431 1356 2275
38 1888 3331
234 802 1325
1586 472 2988
117 2389 2795
770 2329 4316
2197 2492 6040
333 2458 3708
2387 170 4321
2109 1728 4162
662 192 1101
1390 166 3288
1301 762 3672
1721 941 3344
1926 750 3254
934 1265 2469
1014 319 2046
2278 567 3046
892 1806 4581
1848 736 3819
