100
8 12 22
7 7 18
2 1 7
9 11 20
1 9 14
4 2 9
2 9 14
8 9 19
4 7 15
6 5 14
3 11 17
5 9 18
5 7 13
7 0 7
2 12 17
3 11 16
1 9 11
8 17 26
7 19 28
7 0 9
5 6 11
7 1 8
4 10 15
1 19 21
4 13 19
7 3 11
8 19 27
7 7 14
9 15 26
2 14 20
3 18 25
7 9 18
7 14 21
5 16 22
7 10 20
4 10 17
2 6 12
6 16 25
5 7 15
8 1 12
1 12 15
3 3 7
3 0 7
3 12 18
8 13 23
2 16 19
4 7 14
4 14 20
4 4 8
7 18 29
4 8 12
1 10 11
6 10 17
8 2 12
1 0 3
3 3 8
7 18 28
3 17 23
2 4 10
2 4 10
7 4 15
6 9 19
7 1 11
1 18 20
9 1 11
4 12 18
1 11 13
3 18 24
6 1 11
2 12 15
2 1 6
4 14 22
7 16 23
3 17 21
2 6 11
2 2 7
9 13 22
3 1 5
7 5 13
4 17 25
8 7 15
5 16 23
2 9 11
4 12 19
5 13 19
6 13 21
2 12 16
8 13 25
8 3 12
8 4 15
9 3 14
6 9 19
1 3 4
2 5 7
9 3 12
8 17 29
9 5 14
3 14 18
6 7 17
6 4 14
