100
113 415 1371
672 270 1637
548 210 1310
317 735 1738
460 406 974
527 112 834
94 805 1216
491 103 1080
948 415 1383
280 810 1585
791 553 1363
606 821 2290
370 122 1129
364 265 664
44 893 1744
782 591 2002
817 236 2044
191 67 812
334 611 1556
72 654 1716
645 324 994
795 153 1454
432 826 1832
266 344 961
678 335 1143
733 458 1274
2 27 515
61 602 1327
981 794 1816
89 720 1083
653 445 1876
589 61 955
81 33 746
362 782 1635
630 83 1161
23 922 1280
448 997 2017
359 987 1368
892 425 1687
645 38 1056
334 234 814
963 958 2299
690 912 1964
984 938 2786
672 163 1003
118 272 1131
172 101 732
998 17 1144
871 186 1347
851 124 1928
4 855 1417
889 638 2417
826 188 1055
804 424 1244
799 910 2375
798 934 2528
173 959 1554
335 9 1049
570 65 1542
316 846 1427
936 239 1425
647 494 1278
361 34 937
667 942 1959
459 751 1675
992 826 2685
635 251 1722
870 500 1914
457 9 518
414 556 1906
557 789 2226
737 10 1573
820 82 1889
506 590 1923
359 357 850
791 716 1622
714 78 1114
679 746 1858
774 269 1574
461 386 1638
709 418 1535
726 283 1156
693 157 1279
480 369 1843
726 619 2153
55 746 1416
721 449 1969
672 369 1248
781 375 2117
902 960 2733
95 901 1798
857 146 1232
368 916 2272
980 561 1789
924 806 2041
129 803 1332
272 216 1368
168 552 725
841 144 1292
441 80 1519
