50
73 0 111
78 0 113
79 0 112
73 0 127
57 0 119
57 68 181
49 64 161
70 68 193
65 68 175
41 130 205
43 127 202
47 130 212
53 128 245
69 130 259
79 134 266
77 187 321
79 193 305
75 189 310
31 188 283
40 187 280
82 251 401
54 252 349
62 251 369
67 252 366
60 311 436
54 306 416
57 304 391
69 312 434
70 364 468
75 365 503
56 365 458
88 368 511
42 367 466
50 362 451
71 369 496
52 412 494
71 417 557
46 418 526
52 413 516
40 420 494
61 420 515
59 413 537
47 473 567
75 474 601
68 476 602
51 476 572
72 482 599
66 481 615
66 482 595
46 481 591
