500
7 3 20
4 2 7
3 5 8
2 2 8
6 1 8
5 3 9
2 6 13
8 2 13
6 6 13
6 1 10
3 7 13
4 6 10
3 7 19
4 6 20
3 6 15
5 5 16
7 7 19
3 8 13
1 0 5
5 8 13
7 4 14
6 8 17
3 3 8
8 1 13
3 6 12
1 2 6
6 5 17
4 8 22
6 9 22
3 11 17
2 5 14
6 3 13
3 4 9
6 7 18
5 8 18
3 8 19
1 4 6
1 14 23
1 5 16
8 11 29
2 13 25
8 14 23
1 6 10
6 7 19
4 8 12
6 11 19
1 7 12
3 13 26
4 13 22
2 17 21
2 13 25
2 7 11
6 14 26
1 10 19
5 15 30
1 14 20
4 18 31
8 13 27
8 17 31
6 16 28
6 18 29
6 16 30
6 14 28
7 15 28
3 16 28
8 21 36
3 13 21
6 18 25
2 14 26
8 14 24
8 16 27
5 14 27
6 21 37
7 13 21
6 22 30
5 18 28
3 24 36
6 15 28
7 22 30
4 19 31
5 17 26
4 17 30
6 25 41
3 15 26
1 19 23
1 20 28
5 21 30
1 25 29
8 21 31
8 27 43
5 17 28
2 18 20
8 26 36
6 23 30
1 26 34
7 20 31
4 20 27
4 25 34
3 26 29
7 26 36
2 20 30
7 29 41
6 23 39
1 29 40
2 25 37
5 29 40
1 21 30
8 23 35
8 22 32
6 28 36
3 29 39
5 25 33
2 28 30
7 27 38
5 31 39
7 33 40
6 28 44
7 34 51
6 24 38
8 29 37
8 34 47
8 31 49
6 26 38
2 34 39
1 35 46
1 30 41
3 32 36
2 35 44
7 34 50
2 36 38
4 32 43
4 34 38
3 35 41
4 31 39
4 37 45
3 31 44
3 29 34
3 38 45
5 39 49
2 36 45
8 35 50
8 31 47
5 39 54
8 30 45
2 37 41
2 31 35
7 36 52
8 38 52
7 36 53
2 32 37
2 37 41
6 33 46
5 41 51
3 40 44
8 43 56
6 38 45
6 42 49
6 43 55
4 37 43
4 35 47
6 44 57
5 35 48
5 38 48
5 36 50
3 44 50
5 45 53
3 39 52
3 36 44
6 44 53
5 41 50
3 46 55
2 43 54
1 41 50
5 40 54
6 40 56
8 40 55
3 42 48
6 47 61
1 48 56
1 39 49
5 45 51
1 44 54
7 43 51
6 45 59
7 51 67
4 43 54
8 49 59
6 48 57
3 42 46
1 46 48
8 46 58
2 47 58
4 47 61
6 51 64
2 44 56
3 45 54
7 48 56
6 49 56
7 54 68
8 51 65
5 50 63
4 45 57
1 54 65
7 47 59
6 54 65
6 56 68
5 51 64
3 51 60
3 48 51
7 55 71
8 52 70
8 57 66
3 56 69
1 49 51
3 53 61
2 49 61
8 49 60
6 57 68
4 51 62
1 50 59
8 50 64
2 55 58
6 60 69
8 54 62
2 56 59
7 55 64
7 56 67
2 56 61
8 55 68
5 58 68
1 57 62
6 57 64
1 62 64
8 54 68
1 58 69
1 55 63
1 55 65
3 55 66
4 61 73
6 63 77
7 60 70
8 61 79
1 62 67
7 60 69
6 64 78
3 56 66
1 61 68
5 66 73
2 57 67
5 67 78
1 60 71
3 58 69
4 63 75
4 60 66
3 62 68
1 63 70
1 65 70
3 67 72
6 67 73
6 60 67
8 62 70
1 60 64
7 63 76
3 69 79
8 64 80
6 66 75
5 69 82
8 69 85
6 65 78
4 71 83
2 66 69
4 67 79
7 68 84
8 66 77
1 71 78
2 68 76
5 74 80
2 71 82
3 72 78
6 71 81
1 66 76
8 69 80
7 68 85
4 74 81
7 71 82
8 76 85
4 67 71
2 66 70
4 73 77
4 70 75
8 68 79
7 76 86
1 78 79
6 78 90
3 70 82
4 75 80
6 78 91
5 69 74
6 69 84
1 78 88
4 77 89
5 70 75
4 78 89
4 72 82
1 81 88
1 72 82
4 81 94
8 71 82
5 76 88
1 76 79
4 79 89
4 75 87
4 74 84
5 78 88
5 73 84
5 83 90
3 83 96
8 82 95
2 83 92
3 76 86
2 77 83
2 78 87
3 79 84
2 81 86
4 79 83
2 80 89
1 84 86
1 83 85
6 77 93
6 79 92
2 77 79
3 78 82
3 78 91
6 88 94
8 84 97
2 85 93
5 84 97
2 84 90
5 87 101
6 80 89
7 90 103
3 81 93
5 80 86
3 89 99
3 81 84
7 91 107
5 81 93
1 88 98
5 85 95
4 88 93
1 90 98
2 83 85
1 91 92
2 83 95
5 86 91
1 84 92
6 84 90
3 91 102
3 86 93
2 86 90
7 92 101
6 86 93
8 85 101
6 85 97
8 92 102
4 95 103
1 92 103
1 95 96
5 89 95
5 96 103
8 91 101
2 94 96
2 89 97
6 96 109
4 97 111
8 89 101
7 89 102
3 91 95
3 96 109
7 89 100
6 99 108
5 96 101
3 100 104
6 94 108
2 98 101
6 93 106
4 96 103
1 101 112
1 96 98
8 100 111
5 99 113
7 93 106
5 100 115
7 97 113
2 100 106
3 100 110
1 96 100
1 104 113
1 101 104
3 97 100
2 102 107
4 104 110
7 96 103
1 104 112
8 104 116
4 98 103
3 98 106
4 104 116
6 99 115
2 100 109
3 99 104
4 105 119
2 102 105
4 99 107
2 107 116
4 102 114
6 100 115
3 106 113
1 102 106
4 100 110
4 107 115
1 106 111
4 108 117
7 109 119
4 105 116
1 107 118
2 111 113
6 107 117
8 110 127
7 103 111
7 104 112
3 104 117
8 103 115
3 111 124
6 104 119
7 109 117
8 114 128
6 107 116
7 104 118
4 104 114
6 107 120
3 107 113
3 108 113
1 110 117
3 114 117
3 113 116
2 114 126
7 113 123
1 115 123
1 110 118
2 111 123
7 117 134
8 112 129
4 118 129
6 118 127
1 115 120
1 110 116
7 111 127
2 116 118
4 111 116
8 117 129
4 114 126
3 115 128
6 111 126
7 112 125
6 121 136
6 118 126
7 119 131
3 117 122
7 120 127
8 121 137
1 117 124
4 120 125
6 122 138
3 117 127
2 119 126
3 115 123
2 124 129
3 124 129
5 122 130
1 122 125
1 124 133
1 117 120
6 116 130
2 120 125
8 121 130
7 123 135
4 123 136
7 120 127
7 121 131
7 118 135
7 122 131
2 121 130
4 127 132
6 118 127
8 119 135
2 120 132
2 124 133
1 125 130
2 123 127
