400
1 567 578
2 751 754
15 246 264
14 0 23
6 591 597
19 655 678
20 305 331
20 545 570
20 74 98
17 238 262
8 352 366
2 689 697
11 650 664
5 555 566
16 35 60
10 706 720
6 8 24
6 188 198
11 772 787
15 700 719
13 431 449
11 17 35
5 690 703
17 145 167
4 622 631
19 495 518
2 783 795
13 546 567
6 21 34
1 722 726
18 433 460
14 175 199
2 503 514
12 38 53
20 165 186
14 601 619
18 286 312
11 265 281
9 572 589
11 28 42
19 64 89
4 188 194
3 328 339
19 239 266
18 334 360
15 574 593
15 33 54
10 454 466
6 368 375
18 23 49
10 523 539
16 99 119
11 402 422
9 610 620
16 760 781
15 548 569
5 230 239
14 610 628
18 579 607
16 578 603
6 260 268
11 45 64
19 126 155
20 323 344
7 46 58
9 611 620
7 385 397
1 535 540
8 359 367
6 465 477
20 523 544
9 3 19
4 481 488
18 409 429
7 647 661
4 724 731
3 98 106
3 548 551
19 788 807
16 204 223
17 440 460
3 364 377
16 629 646
2 183 195
20 257 280
13 87 106
6 369 380
16 421 438
18 224 245
2 360 363
7 385 401
20 551 574
11 628 647
3 791 796
14 786 806
17 272 290
17 365 388
16 334 354
1 315 317
2 128 134
15 723 738
8 751 762
13 550 573
5 424 432
7 351 365
19 6 30
6 410 418
14 761 780
4 426 440
13 422 438
14 602 622
7 705 716
12 553 565
5 623 628
5 53 64
4 617 621
6 237 243
4 662 666
6 635 646
3 203 212
5 167 178
12 262 279
4 436 450
3 671 683
1 754 759
2 167 171
1 483 490
9 571 587
4 22 26
13 720 741
8 125 133
18 504 529
3 525 531
15 371 394
6 247 255
18 196 222
13 354 373
13 529 546
3 391 404
3 757 762
11 287 298
12 474 496
14 413 435
14 612 629
9 636 649
7 325 335
8 738 756
7 491 501
15 293 317
11 509 523
15 183 199
9 3 12
11 91 112
6 301 311
1 273 281
2 552 554
15 28 48
5 28 39
3 258 270
5 732 740
15 479 500
6 542 556
17 37 60
4 344 358
12 62 76
19 451 470
11 781 801
6 68 76
13 44 59
12 365 383
18 595 618
8 172 183
9 327 345
13 408 429
7 682 694
17 543 564
14 680 702
3 66 73
6 231 239
14 89 109
5 197 208
17 498 522
7 134 148
9 347 364
19 621 648
11 534 545
18 440 467
12 265 287
14 646 665
13 265 280
18 391 412
3 298 306
16 282 299
15 633 651
4 42 51
20 326 347
8 639 649
10 577 592
2 244 248
7 523 536
16 544 565
1 79 90
3 132 143
13 70 90
11 211 224
16 407 432
8 417 432
4 173 179
3 559 572
5 456 468
6 69 76
16 434 459
6 289 299
2 406 409
7 120 129
18 550 577
10 264 275
6 114 122
4 223 228
9 94 107
11 246 259
12 497 513
5 8 16
7 677 688
10 379 392
14 482 496
3 724 730
10 492 511
11 200 216
9 507 526
11 621 634
16 360 382
10 652 667
2 130 134
16 701 727
9 421 432
2 767 770
18 339 364
4 741 755
4 363 375
4 518 530
20 179 208
9 344 357
13 69 85
9 697 714
19 670 692
1 748 751
17 511 537
14 119 134
4 518 526
7 472 480
9 720 739
20 151 177
5 184 198
18 508 529
12 634 647
4 88 99
3 636 643
6 394 405
9 314 324
3 6 18
17 355 374
4 85 96
17 424 451
5 718 723
16 157 173
14 758 780
3 135 140
12 21 39
13 495 514
4 485 498
17 459 476
6 100 113
12 318 333
15 201 222
11 698 714
6 661 671
14 9 26
17 147 165
11 359 380
12 253 275
13 119 142
5 219 233
16 308 332
4 310 317
12 628 641
9 378 388
11 462 480
2 314 318
17 222 245
13 637 651
3 328 335
1 230 235
10 712 727
15 437 455
5 144 153
4 385 396
3 178 187
2 534 540
13 508 529
16 745 768
8 39 55
3 486 494
20 660 690
5 209 219
6 597 611
8 731 745
12 684 698
7 481 493
16 38 63
1 268 274
11 318 332
16 317 343
16 508 529
11 555 576
7 84 97
6 422 438
13 562 575
5 721 726
4 188 192
1 59 69
8 578 588
16 565 591
7 453 469
12 625 638
11 695 712
16 704 722
14 128 151
14 25 48
4 352 361
9 213 232
14 201 216
9 376 389
19 197 225
14 560 580
13 507 529
13 500 521
10 518 533
1 400 402
13 101 119
5 256 261
3 71 84
3 106 110
17 62 88
2 785 797
6 313 325
20 135 158
12 417 439
10 566 576
4 152 159
12 212 233
8 416 424
15 546 567
19 225 247
6 88 104
7 195 208
9 355 372
1 767 774
5 602 615
14 27 48
3 465 468
13 42 62
2 33 36
16 651 677
15 745 764
9 566 584
11 362 378
10 346 366
14 566 587
1 200 209
20 58 82
7 167 179
12 386 402
6 224 236
16 336 356
13 369 392
18 764 792
16 586 604
17 546 572
4 461 472
10 712 723
12 193 205
18 390 408
13 752 768
4 426 434
19 500 525
10 633 648
13 440 460
13 713 727
17 415 442
5 609 616
10 291 308
4 177 186
13 59 77
9 352 365
17 201 221
3 309 314
16 89 115
19 395 421
18 7 33
