450
18 697 717
16 262 284
12 313 334
15 451 475
16 881 903
16 512 536
20 577 606
17 583 607
10 751 770
15 645 664
12 759 779
12 885 905
16 882 902
12 92 106
11 21 41
12 994 1008
11 943 956
16 1109 1132
18 870 892
10 594 606
17 822 844
18 687 708
13 125 140
12 524 545
11 924 942
14 923 944
17 380 401
15 543 565
11 19 39
17 138 164
16 301 319
16 346 364
17 912 938
13 149 170
14 663 684
14 359 380
17 115 141
18 14 33
13 660 676
13 354 376
13 636 657
13 770 791
11 353 372
18 286 311
17 788 808
17 124 147
20 18 42
13 493 508
19 281 301
20 97 120
15 588 610
11 186 199
15 421 445
18 27 54
15 678 701
15 605 621
10 311 322
16 748 770
16 715 736
11 504 520
14 175 191
16 559 581
11 511 527
11 202 216
18 864 890
12 332 348
12 521 542
16 703 722
18 1076 1097
20 268 292
11 954 968
15 787 807
10 695 714
20 55 81
17 247 272
13 496 514
20 811 834
12 664 677
17 1117 1139
19 163 186
15 57 75
15 777 800
17 280 300
10 40 55
14 57 79
11 1088 1106
13 892 908
11 926 944
20 63 88
17 532 554
11 396 413
15 711 732
15 1027 1050
16 1073 1093
18 239 260
16 275 298
10 1027 1041
14 186 203
12 347 364
19 808 830
12 880 898
11 374 392
17 152 175
17 952 974
17 335 355
15 726 747
14 917 940
17 1027 1048
18 842 863
17 329 352
18 437 462
12 269 285
19 105 127
12 516 532
19 1059 1081
17 528 551
19 66 90
14 1026 1047
12 802 815
17 680 698
10 738 749
12 742 761
19 428 455
10 713 726
14 792 811
20 950 979
11 340 356
13 1111 1130
15 951 967
10 82 98
19 1042 1062
13 671 686
17 378 397
17 962 985
12 731 746
10 729 742
18 968 992
11 721 739
17 430 449
16 586 611
10 512 524
14 815 830
12 981 997
17 656 676
12 101 116
18 826 851
18 590 614
11 359 378
13 494 512
15 436 453
15 234 257
12 1081 1095
15 293 313
16 637 660
12 987 1003
15 450 469
13 750 770
18 217 237
17 55 78
14 749 766
20 1105 1132
20 440 468
15 972 993
19 706 726
17 1014 1034
20 559 583
10 373 388
14 304 327
11 595 612
12 713 729
18 228 250
18 632 659
18 80 105
20 87 111
10 433 449
14 1039 1060
17 104 125
10 889 904
12 490 504
11 810 827
15 177 200
16 1050 1067
11 911 930
12 422 436
18 805 831
19 866 887
14 1083 1104
17 52 76
19 1027 1052
10 306 320
14 299 318
17 947 965
11 201 220
13 237 258
19 172 192
20 373 394
20 440 469
17 853 873
16 478 498
12 933 950
10 184 198
15 132 149
16 587 612
11 847 859
18 641 661
10 1033 1047
12 376 394
14 727 750
11 1056 1069
19 456 484
10 330 346
14 84 106
16 129 147
19 175 201
11 747 767
20 231 254
19 896 923
14 1035 1057
20 1088 1109
17 697 716
20 846 873
11 528 547
11 969 983
17 1106 1130
16 476 495
13 1114 1135
20 813 837
19 473 497
14 717 738
16 799 820
11 249 263
11 563 575
19 699 719
10 864 878
20 1058 1082
14 122 139
15 562 579
10 442 457
15 38 61
20 17 41
14 569 591
12 381 398
13 301 315
19 197 219
19 496 520
11 741 755
16 498 521
17 1119 1138
19 582 608
10 100 114
18 82 109
16 955 973
13 886 902
16 334 351
11 948 960
20 1040 1062
17 335 361
10 262 276
17 428 449
12 762 783
16 593 617
20 507 534
10 186 203
19 614 639
13 1038 1057
17 476 497
17 193 219
14 254 277
14 227 249
20 1078 1104
11 138 153
20 219 243
15 893 913
14 1047 1062
19 920 942
11 764 780
19 486 507
12 527 540
12 448 468
19 112 138
12 1075 1088
12 891 908
17 826 844
10 496 513
10 532 550
12 433 447
15 1074 1095
17 393 416
17 200 222
20 618 646
10 132 147
14 921 943
20 871 893
12 1057 1074
16 707 727
13 567 588
10 1055 1072
17 519 539
20 734 757
18 660 684
19 770 798
17 33 59
15 592 613
14 1069 1091
10 643 654
17 583 606
14 1085 1102
14 307 325
18 141 160
19 480 506
10 471 483
12 589 608
17 345 364
15 356 377
15 895 912
17 223 246
14 609 628
16 617 634
17 416 436
20 158 187
19 795 817
15 625 645
10 210 225
14 935 956
16 662 679
13 482 497
14 205 222
15 972 993
12 954 971
15 846 863
16 650 667
17 312 331
16 47 69
15 214 238
12 245 258
16 656 676
15 694 713
17 947 972
10 652 671
16 431 448
12 191 211
17 898 923
18 757 780
20 688 712
13 998 1013
20 575 599
13 331 352
11 138 156
11 170 184
20 153 178
19 492 516
18 908 934
16 20 45
13 275 293
19 424 451
12 713 728
15 432 454
16 1110 1127
12 1044 1058
13 659 679
14 643 659
12 575 594
12 136 149
18 73 92
15 198 218
11 657 673
18 339 362
11 1062 1079
13 299 314
18 342 361
13 254 275
12 297 311
10 770 789
20 120 141
12 149 169
20 473 499
15 267 288
13 849 863
17 392 417
10 282 300
14 987 1008
12 1118 1139
12 1075 1091
14 924 947
12 685 698
13 820 838
12 526 541
10 692 703
10 962 976
18 938 957
11 272 286
14 960 979
12 802 822
10 201 215
15 175 195
13 351 370
12 545 561
18 891 914
14 570 586
12 1007 1025
12 222 243
18 125 152
20 437 458
17 1051 1075
13 573 592
17 186 206
16 262 280
11 755 768
14 52 75
17 899 923
15 1048 1072
17 286 309
16 599 616
18 256 279
16 526 547
14 120 143
16 231 253
20 458 480
15 610 632
16 266 291
20 709 734
20 451 473
17 1067 1089
11 1067 1085
16 157 175
14 672 694
17 845 867
20 1065 1092
11 742 761
17 144 170
19 343 363
14 1090 1107
10 817 836
18 1094 1119
12 811 831
16 483 508
17 1074 1093
20 849 872
15 128 150
14 29 51
10 1060 1079
20 752 774
13 303 320
20 98 124
15 1092 1110
20 605 627
19 863 884
20 995 1016
10 1058 1070
16 429 454
