450
12 0 12
15 9 24
14 10 24
13 19 32
1 25 26
12 25 37
15 34 49
17 41 58
13 51 64
18 62 80
11 70 81
10 71 81
6 73 79
17 73 90
4 74 78
7 77 84
1 80 81
12 80 92
17 89 106
2 95 97
7 95 102
7 101 108
14 104 118
15 115 130
6 120 126
9 120 129
6 124 130
11 126 137
9 131 140
10 134 144
4 139 143
19 139 158
8 154 162
14 159 173
7 165 172
9 168 177
18 168 186
12 181 193
11 184 195
19 190 209
15 207 222
6 208 214
18 213 231
1 220 221
2 220 222
14 221 235
8 222 230
2 226 228
4 227 231
19 230 249
15 231 246
3 231 234
19 232 251
5 250 255
13 250 263
9 258 267
1 258 259
8 258 266
2 264 266
8 265 273
8 269 277
7 269 276
16 275 291
17 282 299
1 293 294
17 293 310
7 297 304
1 301 302
14 301 315
8 309 317
14 309 323
18 311 329
18 324 342
4 341 345
13 344 357
7 355 362
10 356 366
17 361 378
16 368 384
2 377 379
12 377 389
8 382 390
5 387 392
12 390 402
9 397 406
6 404 410
10 409 419
1 418 419
6 418 424
12 422 434
11 422 433
5 422 427
3 424 427
6 425 431
18 426 444
19 437 456
11 442 453
18 445 463
11 449 460
9 451 460
15 452 467
5 462 467
7 465 472
1 471 472
8 471 479
17 474 491
8 477 485
9 477 486
14 479 493
15 490 505
18 492 510
14 503 517
6 512 518
17 512 529
15 528 543
19 532 551
10 540 550
3 547 550
4 549 553
15 551 566
15 561 576
19 569 588
8 578 586
1 582 583
8 582 590
17 589 606
17 600 617
6 602 608
10 602 612
16 602 618
14 613 627
13 619 632
2 621 623
5 621 626
14 621 635
18 632 650
2 648 650
2 649 651
16 650 666
7 655 662
12 658 670
17 658 675
8 664 672
15 665 680
19 676 695
14 689 703
4 700 704
4 701 705
6 703 709
12 706 718
13 714 727
14 714 728
10 715 725
13 717 730
2 726 728
4 727 731
11 728 739
10 731 741
13 733 746
10 742 752
17 748 765
16 761 777
1 774 775
16 774 790
9 785 794
18 793 811
15 808 823
2 821 823
6 822 828
7 823 830
7 828 835
3 830 833
6 830 836
3 832 835
12 834 846
17 844 861
12 847 859
16 852 868
14 860 874
14 867 881
6 874 880
6 879 885
19 883 902
3 896 899
2 896 898
19 896 915
7 909 916
1 915 916
19 915 934
2 915 917
9 916 925
14 916 930
16 920 936
17 927 944
14 930 944
4 942 946
7 943 950
3 943 946
14 944 958
15 953 968
16 967 983
12 969 981
5 971 976
10 971 981
2 980 982
9 981 990
11 981 992
4 983 987
16 983 999
17 986 1003
15 992 1007
16 997 1013
8 1009 1017
11 1009 1020
16 1016 1032
18 1019 1037
17 1019 1036
1 1028 1029
19 1028 1047
11 1044 1055
11 1048 1059
4 1050 1054
17 1050 1067
14 6 20
9 10 19
18 10 28
11 18 29
1 28 29
13 28 41
13 30 43
9 40 49
4 43 47
5 46 51
4 48 52
11 50 61
1 52 53
18 52 70
3 54 57
16 55 71
13 69 82
7 74 81
17 75 92
17 76 93
1 82 83
3 82 85
2 84 86
1 84 85
12 84 96
12 89 101
7 97 104
6 100 106
1 100 101
5 100 105
14 103 117
18 109 127
16 121 137
8 134 142
7 134 141
18 136 154
18 150 168
9 157 166
7 160 167
17 165 182
19 165 184
9 180 189
16 185 201
17 196 213
3 200 203
4 200 204
5 202 207
3 206 209
15 207 222
4 210 214
6 211 217
9 213 222
3 214 217
3 215 218
12 217 229
2 220 222
2 220 222
14 220 234
8 222 230
15 223 238
12 234 246
2 241 243
16 241 257
2 241 243
17 241 258
17 242 259
1 242 243
7 242 249
17 244 261
18 250 268
9 262 271
2 269 271
7 270 277
11 274 285
6 274 280
2 278 280
17 279 296
17 280 297
2 289 291
18 289 307
8 294 302
2 295 297
3 296 299
18 296 314
15 304 319
3 315 318
8 315 323
9 321 330
4 326 330
5 328 333
7 329 336
18 334 352
17 339 356
7 353 360
15 359 374
11 361 372
2 366 368
2 366 368
14 366 380
4 378 382
6 380 386
5 380 385
19 384 403
16 388 404
2 402 404
2 402 404
11 402 413
16 411 427
9 422 431
6 430 436
11 435 446
7 443 450
10 445 455
2 446 448
3 447 450
7 449 456
15 453 468
16 457 473
10 469 479
17 469 486
19 471 490
4 475 479
11 478 489
4 484 488
8 486 494
14 493 507
7 499 506
11 500 511
17 507 524
14 522 536
1 526 527
6 526 532
5 526 531
13 529 542
18 531 549
1 537 538
6 537 543
8 538 546
12 538 550
14 549 563
2 560 562
1 560 561
13 560 573
9 572 581
2 573 575
7 573 580
8 573 581
1 573 574
12 573 585
8 583 591
12 588 600
8 15 23
5 16 21
17 18 35
1 18 19
11 18 29
4 23 27
7 24 31
15 24 39
7 34 41
18 40 58
4 42 46
18 43 61
1 53 54
3 19 22
13 20 33
11 28 39
4 30 34
14 32 46
15 34 49
14 36 50
8 46 54
9 52 61
15 55 70
17 55 72
5 55 60
1 55 56
2 55 57
18 55 73
10 66 76
13 72 85
17 74 91
14 90 104
11 99 110
7 100 107
17 104 121
16 119 135
18 129 147
2 140 142
17 140 157
14 141 155
12 153 165
5 160 165
19 162 181
1 165 166
17 165 182
17 174 191
13 189 202
6 191 197
10 195 205
10 200 210
5 207 212
11 211 222
1 214 215
13 214 227
15 215 230
12 229 241
1 232 233
15 232 247
8 241 249
9 246 255
16 250 266
2 262 264
12 262 274
10 262 272
19 265 284
14 274 288
18 278 296
2 292 294
9 293 302
17 301 318
9 303 312
9 303 312
17 306 323
12 320 332
4 331 335
19 332 351
