450
39 12 62
39 17 65
30 20 82
6 41 61
13 24 61
56 6 76
48 26 88
62 25 106
17 10 53
48 45 94
66 14 84
25 15 65
62 15 103
22 12 51
5 33 71
70 16 93
63 34 110
28 23 78
53 36 112
7 42 75
29 19 67
40 45 111
49 39 100
6 25 35
17 35 78
26 4 54
78 41 125
34 36 84
40 30 82
60 13 103
51 27 94
72 4 91
64 25 109
29 16 51
47 29 80
45 19 93
73 21 121
28 21 64
23 28 61
88 41 140
46 5 62
17 17 34
89 16 128
75 42 138
31 9 73
47 21 95
57 24 97
66 37 126
24 20 62
45 25 91
45 16 67
49 23 87
88 6 110
98 27 129
84 34 128
55 6 93
26 1 52
73 7 96
20 11 40
67 4 87
13 21 35
80 34 122
106 39 163
47 24 85
52 12 89
78 45 149
43 5 56
74 31 112
101 21 128
100 10 122
43 19 93
41 37 91
20 18 55
86 37 140
51 23 96
70 37 109
112 38 171
29 15 63
20 41 92
109 20 143
19 18 61
44 1 72
41 43 112
113 7 146
51 18 70
106 39 156
58 2 66
109 35 168
102 16 143
38 23 65
84 12 104
33 44 84
51 38 117
116 11 132
19 14 46
61 39 115
68 29 118
65 19 96
71 23 107
22 45 90
88 42 149
46 10 59
31 15 78
94 22 143
99 38 150
120 8 144
30 9 69
95 30 145
83 19 132
81 34 135
63 10 89
130 33 196
45 40 102
77 4 109
81 19 113
113 22 148
96 37 146
83 35 123
39 3 55
142 14 173
53 1 54
32 23 65
34 2 45
42 24 69
28 11 46
45 34 105
54 32 87
119 9 145
112 6 122
149 39 189
107 44 179
26 28 65
140 38 198
51 29 89
108 16 143
64 11 83
116 33 165
109 43 157
100 19 152
95 22 138
54 15 101
72 4 79
63 31 113
76 2 105
30 13 49
49 23 93
81 25 137
65 30 112
126 35 183
44 39 85
38 24 65
108 2 123
141 10 151
135 3 158
114 31 150
159 18 184
63 2 97
156 41 197
36 37 73
76 22 106
49 39 119
157 32 195
103 25 136
135 13 161
36 7 50
100 27 151
167 17 210
137 35 190
33 39 87
36 6 52
165 27 213
49 43 99
59 31 101
130 7 154
173 15 197
75 25 132
77 21 108
109 36 162
184 6 190
155 5 166
91 11 122
83 5 120
84 29 130
63 1 79
139 30 189
108 12 125
52 8 60
96 28 157
146 5 152
178 5 216
67 1 71
50 14 70
40 21 73
170 2 182
127 45 199
192 13 232
159 34 197
53 37 120
59 37 125
43 20 96
131 31 164
110 19 141
97 13 136
67 29 121
140 22 176
98 5 110
185 15 204
170 24 226
145 42 197
161 45 207
132 42 200
73 28 133
121 16 141
129 9 166
147 41 190
198 20 219
60 3 84
59 45 129
46 39 97
198 3 220
128 17 169
114 17 150
59 1 84
134 43 187
63 8 76
145 14 179
92 44 154
153 4 179
173 42 232
119 27 169
79 9 119
166 30 205
109 7 130
59 13 78
203 9 223
129 4 145
217 1 233
221 37 258
192 27 232
74 4 103
77 7 115
116 13 146
145 20 178
77 21 114
48 30 90
113 9 134
195 15 236
176 7 214
71 3 96
220 23 269
189 20 214
130 32 185
52 12 88
221 44 280
111 29 151
140 28 180
66 43 116
114 35 176
122 3 126
63 3 83
79 29 134
145 21 168
67 4 79
245 21 274
158 28 191
104 13 147
235 2 256
219 6 249
90 30 143
249 43 316
237 18 283
85 13 105
131 14 157
247 19 288
137 31 200
149 23 187
161 3 192
55 43 120
135 19 159
111 8 121
238 17 279
74 12 90
233 32 270
206 14 239
212 29 245
257 17 282
228 38 284
174 7 195
61 16 100
133 24 174
119 6 126
139 33 201
203 19 238
149 43 210
181 32 236
155 6 187
169 1 193
226 7 249
253 23 280
114 5 124
163 21 194
207 41 269
177 25 227
200 20 225
200 45 264
96 8 134
128 20 155
108 26 139
141 6 169
78 14 111
221 2 252
95 40 157
111 6 141
158 4 166
109 11 124
83 14 105
140 25 193
255 40 317
113 20 146
129 27 184
142 22 165
136 30 181
199 1 214
199 42 268
140 31 196
149 31 182
127 34 173
171 45 245
222 29 274
141 4 162
263 9 302
288 25 324
131 36 167
102 25 152
222 4 259
205 41 273
103 2 107
218 25 267
259 16 303
171 15 186
273 18 308
167 40 209
114 37 157
71 28 118
236 24 292
70 10 95
200 43 245
75 11 96
244 25 289
285 44 337
252 5 262
182 31 222
185 34 239
87 36 130
175 12 211
161 1 168
213 32 249
241 11 285
109 28 140
188 30 219
211 28 258
180 30 227
273 13 313
85 44 146
249 37 294
102 13 135
84 19 107
193 28 223
152 36 212
216 33 250
166 14 196
295 40 344
289 35 341
265 16 283
78 32 143
295 15 333
99 14 136
326 34 371
92 5 103
140 12 177
209 44 271
121 13 163
185 3 209
326 35 372
228 19 269
108 5 116
114 41 165
332 14 368
258 20 302
275 3 279
291 13 326
300 19 324
334 8 372
265 26 311
225 33 288
138 38 180
183 23 223
277 36 330
104 10 142
271 4 290
95 7 102
320 44 372
94 41 164
199 1 212
244 9 281
343 18 369
180 16 208
230 2 233
118 9 149
162 26 208
321 31 369
227 38 286
132 23 164
88 4 105
280 20 318
132 43 184
144 39 203
117 43 193
295 21 343
119 27 162
304 35 364
255 31 303
324 8 361
220 37 260
88 20 114
329 5 343
209 22 235
292 29 329
318 22 356
343 29 402
162 1 194
197 19 217
189 7 198
230 2 243
87 20 109
274 45 327
133 10 144
282 5 311
164 42 219
353 16 373
358 30 394
362 13 396
233 17 277
146 30 196
220 29 274
191 21 238
141 17 185
268 30 313
198 34 240
166 36 228
