400
47 1 89
76 3 119
78 2 110
77 4 129
75 0 112
67 0 132
52 1 100
50 57 147
40 58 129
71 58 179
50 59 167
65 55 173
62 61 175
70 63 188
71 117 243
63 115 229
49 117 215
55 119 208
46 177 270
48 170 275
68 168 276
55 173 281
65 235 334
56 233 319
50 229 348
72 237 366
56 236 352
67 234 353
68 297 421
72 305 425
49 302 408
68 300 405
75 353 484
67 361 463
45 361 458
62 357 463
51 359 464
47 355 446
28 411 485
69 408 527
56 403 524
50 407 487
59 411 529
42 466 549
53 463 547
65 459 586
41 463 562
41 523 631
56 519 619
46 521 632
68 516 638
79 517 634
56 516 641
69 517 641
27 579 674
123 578 750
53 585 695
55 577 688
42 578 680
50 578 672
62 642 765
73 641 777
77 642 766
42 634 707
67 637 773
69 643 775
58 700 818
64 696 792
47 695 775
78 698 814
65 698 822
74 693 802
56 768 856
42 764 847
58 761 853
45 766 879
50 831 936
69 829 948
69 836 971
72 836 948
46 898 994
51 901 994
112 897 1043
41 895 993
78 900 1015
45 969 1077
52 962 1056
48 963 1067
78 963 1105
76 968 1107
45 965 1053
58 969 1066
64 1019 1149
48 1020 1126
50 1025 1134
75 1022 1141
69 1019 1121
51 1021 1102
59 1084 1174
62 1084 1215
53 1083 1188
30 1077 1142
69 1145 1263
41 1141 1224
46 1148 1243
51 1142 1239
96 1146 1310
153 1148 1337
46 1208 1295
56 1212 1328
71 1213 1351
89 1213 1332
48 1213 1309
53 1210 1317
78 1282 1405
50 1276 1393
150 1281 1499
47 1275 1390
46 1281 1386
13 1282 1363
72 1347 1476
70 1347 1479
55 1343 1454
52 1342 1457
75 1411 1555
44 1412 1488
79 1418 1543
51 1412 1505
39 1465 1565
50 1464 1560
65 1466 1584
41 1463 1562
76 1470 1593
50 1464 1578
76 1464 1570
46 1520 1612
21 1517 1605
72 1518 1656
59 1515 1629
58 1573 1674
51 1573 1668
57 1572 1681
50 1571 1661
73 1570 1710
43 1640 1739
48 1634 1749
62 1633 1743
62 1638 1762
63 1634 1754
59 1637 1735
65 1633 1737
61 1692 1807
49 1687 1781
48 1690 1787
165 1684 1898
56 1684 1788
38 1690 1778
56 1690 1804
58 1749 1837
46 1746 1846
78 1750 1873
47 1747 1847
66 1796 1918
47 1798 1910
76 1799 1923
40 1795 1899
69 1801 1900
72 1860 1981
78 1860 1968
46 1853 1929
71 1856 1964
55 1851 1964
59 1917 2040
73 1922 2048
102 1919 2077
44 1916 2000
68 1974 2082
58 1970 2080
65 1974 2076
62 1976 2096
63 1970 2081
65 1974 2108
41 2040 2115
45 2044 2138
48 2046 2140
121 2045 2216
56 2039 2159
42 2041 2122
43 2116 2199
69 2107 2216
56 2111 2221
48 2111 2227
67 2179 2293
51 2179 2282
124 2177 2366
82 2181 2309
77 2175 2309
40 2180 2271
42 2247 2332
70 2240 2348
60 2247 2346
58 2241 2352
56 2240 2360
75 2313 2453
77 2312 2425
45 2313 2409
55 2312 2423
45 2313 2406
78 2358 2485
47 2361 2446
76 2358 2482
67 2360 2471
66 2359 2484
50 2365 2475
76 2365 2494
58 2426 2548
71 2429 2537
68 2426 2547
44 2422 2499
43 2430 2504
48 2487 2574
67 2491 2599
61 2484 2588
46 2483 2591
43 2558 2644
45 2550 2653
73 2555 2677
53 2551 2645
61 2618 2728
57 2617 2705
17 2621 2693
50 2618 2702
33 2622 2708
78 2618 2740
54 2683 2777
66 2688 2814
79 2684 2798
67 2680 2804
47 2685 2771
67 2753 2871
56 2754 2857
43 2753 2857
76 2750 2886
61 2824 2935
173 2819 3031
58 2819 2931
50 2819 2935
56 2815 2905
62 2823 2936
62 2868 2976
54 2874 2967
61 2870 2969
60 2875 2971
102 2873 3006
40 2871 2948
45 2926 3028
55 2931 3045
86 2925 3043
48 2926 3027
74 2931 3065
67 2926 3024
71 2988 3127
59 2984 3103
59 2983 3109
65 2990 3097
64 2990 3121
72 2982 3100
72 3040 3159
65 3033 3159
77 3038 3158
45 3040 3140
53 3033 3117
45 3091 3175
62 3089 3212
45 3082 3192
40 3088 3185
48 3085 3164
73 3091 3216
47 3089 3181
79 3152 3299
73 3154 3293
75 3155 3295
64 3154 3287
50 3150 3246
79 3220 3334
49 3220 3320
87 3223 3358
62 3224 3322
41 3224 3306
178 3220 3465
56 3275 3372
46 3272 3360
68 3268 3381
55 3272 3359
45 3276 3367
156 3272 3473
49 3273 3358
42 3341 3446
64 3339 3445
60 3337 3452
69 3339 3439
50 3409 3520
53 3409 3505
76 3408 3550
46 3406 3504
52 3408 3512
118 3407 3589
65 3471 3595
54 3474 3573
51 3476 3569
76 3473 3616
53 3540 3658
53 3538 3634
53 3537 3622
73 3546 3680
62 3544 3652
62 3605 3727
54 3607 3706
44 3603 3696
42 3606 3707
40 3668 3740
48 3670 3766
45 3668 3757
40 3674 3778
76 3670 3791
67 3729 3831
57 3729 3821
78 3724 3863
62 3725 3844
42 3724 3817
60 3724 3819
54 3726 3811
53 3787 3882
50 3792 3893
22 3790 3860
77 3794 3910
66 3795 3912
72 3791 3900
66 3793 3902
53 3855 3976
79 3858 3977
78 3855 3978
46 3851 3946
58 3854 3959
62 3851 3946
60 3853 3977
67 3914 4034
64 3918 4019
40 3920 3999
40 3919 4020
68 3917 4028
75 3970 4086
74 3969 4092
55 3968 4071
67 3970 4090
74 3974 4088
56 3974 4090
62 3970 4079
49 4041 4137
68 4038 4151
79 4038 4160
53 4044 4138
58 4041 4168
95 4111 4258
79 4109 4255
61 4103 4225
51 4109 4203
57 4110 4218
59 4166 4269
74 4162 4268
59 4171 4274
57 4163 4255
56 4167 4254
71 4167 4289
45 4236 4333
74 4233 4354
56 4233 4330
74 4237 4342
47 4233 4319
57 4229 4339
79 4237 4363
57 4280 4368
53 4278 4376
55 4287 4401
40 4286 4365
69 4282 4402
41 4279 4372
41 4347 4440
77 4354 4498
45 4346 4457
44 4353 4434
46 4347 4438
67 4406 4510
59 4414 4511
40 4410 4505
55 4407 4508
41 4410 4517
56 4414 4521
58 4415 4542
72 4414 4534
