300
109 1544 1738
92 5631 5791
101 4716 4842
133 3339 3608
21 3907 3952
13 4952 4977
146 758 1082
58 446 546
156 145 393
61 2218 2318
25 4592 4651
154 2004 2369
157 426 715
25 644 688
136 4955 5098
135 1731 2033
52 5741 5832
45 5566 5632
129 3377 3690
78 1040 1199
107 5138 5323
62 4294 4446
131 5095 5342
140 1345 1653
72 5186 5277
1 2948 2949
144 2624 2821
143 3328 3505
98 1838 2002
50 1989 2044
143 4139 4400
150 3976 4169
59 617 693
11 2998 3012
58 2543 2617
134 3657 3821
64 2063 2146
27 545 578
73 5433 5540
42 1544 1599
59 3560 3694
117 845 1108
156 5230 5518
71 2668 2739
51 693 757
34 2501 2575
64 4728 4873
20 4264 4287
64 2624 2720
146 311 661
40 5108 5191
79 1317 1464
35 5479 5541
147 5143 5501
72 2026 2204
123 3383 3608
22 649 679
53 888 1013
121 2433 2734
82 4468 4572
68 4996 5085
17 1763 1795
69 3711 3814
144 1514 1800
137 579 833
56 2756 2822
53 5218 5317
8 1159 1171
34 4354 4400
20 5445 5492
138 4722 4946
96 2532 2659
142 3901 4185
147 2177 2337
152 2459 2639
144 3626 3834
121 585 713
84 5308 5427
78 1226 1315
100 1885 2042
19 4519 4545
68 277 429
42 3465 3528
111 4337 4495
126 2668 2883
134 220 518
149 1589 1925
12 158 172
80 4370 4474
49 1226 1306
136 1934 2164
98 5340 5483
63 3457 3542
74 2006 2157
20 1444 1468
82 1648 1776
41 1145 1214
5 282 291
152 2471 2683
43 4729 4815
111 2214 2366
148 2245 2514
25 5479 5508
143 100 350
5 1304 1315
57 4461 4599
117 3599 3878
37 4574 4637
46 3980 4034
47 4941 5039
28 4883 4946
66 1815 1967
88 3161 3367
51 3314 3425
71 5084 5179
12 3433 3461
40 3732 3780
12 5839 5857
39 2914 2973
124 4807 5054
96 2735 2855
125 3069 3204
62 694 829
10 3260 3276
39 35 74
49 3744 3829
13 2616 2633
127 1663 1837
19 5115 5159
89 2370 2569
141 3400 3546
69 2183 2259
74 531 678
136 621 804
75 3885 3970
104 4446 4558
47 4506 4575
151 9 343
85 4632 4777
95 3192 3417
92 4850 5058
31 5904 5960
64 2715 2780
41 4148 4231
86 1207 1307
125 3697 3856
129 5420 5576
86 5647 5860
103 5904 6056
70 796 881
135 773 926
18 1318 1349
81 846 955
91 2255 2361
27 3253 3316
123 2335 2615
64 4449 4595
7 1050 1058
114 4445 4624
92 2531 2666
1 635 636
67 4399 4547
45 2850 2917
107 78 216
53 3891 3998
91 4005 4149
98 628 782
9 4365 4384
4 1169 1173
154 349 726
97 5731 5831
143 244 480
53 1299 1417
130 3598 3767
147 2989 3348
115 352 500
105 3962 4105
67 153 277
105 4139 4318
58 861 953
93 5118 5284
126 2980 3127
152 5006 5170
85 3393 3582
58 2030 2160
4 5646 5653
105 36 182
120 5073 5314
135 5171 5383
133 4990 5219
31 5522 5565
23 991 1045
67 2548 2703
10 3769 3785
9 5209 5220
73 2129 2268
80 1928 2087
18 2989 3011
17 2224 2243
95 1801 2022
21 5514 5539
9 779 788
58 4329 4457
5 117 127
139 4377 4645
63 2198 2271
38 4225 4318
134 760 962
36 5934 5978
8 3893 3909
104 4918 5026
121 61 206
140 4548 4788
130 753 936
121 1942 2115
150 76 382
106 5091 5345
134 3587 3807
44 5242 5290
146 1224 1371
27 79 121
128 5702 5918
109 4347 4517
75 5229 5362
122 4238 4512
42 3237 3331
64 5391 5501
83 602 690
72 913 1021
85 4778 4982
130 5219 5467
139 3817 4038
102 3326 3434
5 4730 4739
3 3567 3572
128 427 607
84 2784 2869
26 2075 2129
123 2290 2489
25 4999 5051
60 4980 5086
16 2347 2384
35 532 591
50 939 1002
76 2383 2461
76 2616 2766
2 2034 2038
48 3412 3494
99 2886 3062
133 6 327
123 1106 1258
81 3534 3636
136 5662 5880
133 3140 3293
88 5825 6011
65 1370 1447
112 4658 4807
149 2154 2503
121 536 713
88 2996 3127
33 3159 3226
143 4179 4377
22 2713 2739
109 1470 1653
118 5654 5801
62 3010 3157
95 5400 5600
5 3013 3024
128 3487 3627
7 3567 3575
101 5479 5705
88 3726 3855
51 2569 2669
15 2029 2063
21 651 688
110 5966 6207
76 3655 3780
48 3307 3356
52 52 126
3 3242 3247
43 5896 5951
121 3019 3172
142 8 340
100 3736 3893
90 2887 3087
77 2693 2772
14 2950 2973
95 5625 5734
89 5840 5943
149 1008 1159
45 259 328
132 2697 2931
28 5977 6030
4 3594 3598
113 2098 2302
41 2104 2182
93 5061 5289
17 4905 4924
151 1291 1584
13 4647 4673
