500
203 135 368
162 76 275
231 135 373
341 148 508
352 100 485
445 168 613
162 73 247
295 99 434
38 94 148
249 8 275
60 2 83
189 88 299
77 136 250
314 158 489
399 81 486
471 141 657
86 132 227
337 214 589
71 96 202
257 107 364
22 202 273
403 201 604
173 182 383
77 226 348
302 162 482
83 24 146
46 217 268
197 241 448
171 226 398
151 240 434
35 82 148
243 49 304
222 81 323
272 115 435
337 15 391
117 75 231
298 43 356
184 248 442
16 206 270
344 243 629
423 30 484
406 222 636
108 25 167
364 66 462
362 127 521
13 219 235
154 21 223
352 122 489
27 80 108
101 107 215
478 36 520
384 126 559
366 43 442
208 133 349
63 243 311
196 123 357
470 7 497
73 117 200
181 115 333
152 177 334
57 229 329
24 120 170
376 213 628
356 26 430
468 109 603
461 88 594
285 209 495
339 20 374
320 33 374
242 16 267
432 23 482
19 166 212
309 239 566
293 12 341
457 240 734
398 184 622
359 242 613
350 152 532
464 41 514
205 139 387
476 166 685
195 82 289
381 50 470
8 217 239
424 232 656
398 236 654
122 169 299
122 210 352
417 150 568
464 91 575
15 13 28
218 30 286
303 244 559
181 182 364
161 194 398
352 93 477
112 218 332
491 90 595
474 44 536
320 132 472
29 126 166
119 38 165
120 195 354
276 34 344
88 230 329
154 164 347
419 155 614
412 235 674
106 233 379
350 40 438
332 178 544
403 106 551
265 195 506
399 120 528
204 232 442
345 8 369
143 2 156
465 214 682
154 6 197
193 200 421
235 158 402
303 93 407
336 101 439
444 244 735
413 208 645
278 248 557
174 100 276
231 170 448
246 133 381
20 18 42
77 67 175
123 80 222
189 6 206
180 138 348
348 237 596
88 164 284
420 123 559
6 239 248
169 42 222
36 134 171
415 145 598
463 45 529
10 182 204
34 146 212
310 54 395
404 136 576
127 168 317
353 93 486
304 233 554
262 201 491
459 86 551
344 171 556
472 135 642
255 246 502
108 65 222
309 236 579
212 65 288
227 127 367
464 131 616
365 245 615
85 26 111
172 156 377
362 52 442
104 120 256
309 41 374
23 142 205
362 21 406
424 236 678
277 67 344
89 191 283
173 110 303
154 133 322
183 171 385
267 134 409
142 79 255
101 38 140
112 172 318
351 9 391
341 103 458
218 159 380
230 246 510
171 71 269
182 85 315
350 91 472
500 118 630
64 217 283
178 242 437
450 226 698
116 179 295
32 209 256
190 144 375
266 86 353
23 76 129
124 221 378
213 213 463
192 111 350
173 247 464
226 214 443
332 8 385
467 46 531
203 241 488
35 19 69
281 223 525
52 200 294
45 56 144
277 189 475
184 186 408
498 144 688
133 46 198
160 130 330
56 198 287
268 211 506
250 199 465
298 132 441
358 184 560
12 99 149
35 159 238
321 25 379
287 6 331
218 144 366
280 246 555
53 102 187
428 134 583
322 149 494
147 96 258
40 169 238
262 146 442
490 7 533
412 197 612
184 128 336
110 55 213
400 31 437
262 229 535
19 47 104
334 171 509
237 160 432
258 0 288
1 151 175
17 118 174
364 94 459
422 197 661
466 64 539
106 62 210
270 208 527
360 191 598
174 196 409
320 148 483
494 203 745
474 8 487
11 146 193
219 141 381
49 16 112
285 65 370
355 60 445
386 54 476
48 101 196
349 19 412
32 4 81
348 150 501
495 62 593
371 149 548
65 244 338
70 24 130
43 74 141
295 126 458
186 212 421
415 59 521
98 102 214
274 160 479
295 52 362
261 18 292
106 1 149
336 89 428
298 82 389
351 37 403
56 99 164
191 3 226
167 217 433
78 142 220
405 199 631
251 211 511
42 240 329
401 232 645
168 4 194
470 15 495
353 228 623
113 110 228
310 18 366
401 84 510
411 189 606
92 123 232
374 170 589
453 109 604
49 58 148
482 154 674
311 189 537
64 111 181
111 163 314
130 167 316
141 135 321
280 50 344
67 30 97
282 247 532
90 103 211
333 223 576
95 235 332
53 209 278
207 76 293
275 149 440
449 187 683
10 148 195
327 52 383
331 177 544
333 42 399
355 247 606
338 20 407
48 120 198
82 172 276
80 186 275
54 12 86
83 86 205
114 89 213
330 67 412
63 245 345
115 21 147
364 170 553
393 0 434
182 22 217
306 159 484
19 99 167
385 85 516
362 185 564
344 184 554
286 187 517
390 205 630
90 211 326
287 184 501
434 111 573
326 110 443
378 27 424
169 219 429
181 228 447
351 185 556
1 89 127
351 156 507
373 161 561
87 100 222
360 48 443
498 78 618
472 49 570
464 146 655
221 144 382
111 177 295
472 37 554
366 199 586
167 153 353
44 35 106
71 10 87
251 90 359
222 155 381
134 113 251
410 117 562
269 3 293
292 70 394
171 172 388
426 129 575
236 133 405
347 201 589
380 143 531
187 47 237
23 103 139
450 190 666
465 40 532
253 147 444
422 140 604
250 68 327
221 17 240
90 104 197
282 136 442
57 208 266
109 97 224
87 51 158
371 205 598
203 138 362
469 32 537
307 142 492
384 197 611
25 38 67
429 106 553
160 48 223
489 123 619
108 211 328
466 202 716
384 206 618
418 133 586
143 65 248
109 64 198
133 134 305
440 76 561
349 1 362
278 83 383
442 237 696
100 67 204
298 134 477
274 144 421
31 89 124
289 172 485
208 3 251
354 74 464
339 157 518
48 5 60
213 138 364
60 209 316
261 77 345
399 45 457
89 148 243
117 66 190
160 183 384
47 51 99
162 180 357
265 222 504
461 207 682
98 160 280
45 165 236
191 1 216
412 1 432
12 37 89
319 117 475
325 138 474
262 226 510
483 124 620
412 86 513
71 184 263
6 86 101
389 93 501
294 8 340
193 203 410
314 148 497
14 147 172
434 109 575
383 75 477
393 227 644
84 161 261
261 247 556
172 9 190
436 7 462
23 92 157
457 140 630
415 108 556
414 169 618
480 227 729
361 117 492
401 9 419
41 143 192
410 116 546
499 99 629
150 172 341
327 229 564
446 21 510
214 172 410
32 37 103
45 163 232
427 126 574
88 151 263
181 59 255
412 206 657
138 95 277
79 97 193
89 245 350
318 235 565
1 207 223
239 13 276
350 111 499
176 209 394
339 47 425
340 15 385
213 157 410
6 136 181
356 73 433
255 148 406
239 233 507
95 199 330
251 106 369
495 234 775
29 215 248
472 63 539
277 93 396
83 172 262
29 214 260
496 63 560
265 76 378
93 24 131
25 59 124
378 81 492
135 140 305
461 2 476
238 7 279
467 50 538
286 39 329
116 233 369
