450
2346 664 5140
3689 1030 6657
4236 4346 12745
2741 2352 5391
3245 3250 8407
295 4204 5481
1262 3240 8620
1350 1342 4675
4301 3734 11339
3084 1979 6224
1945 788 6170
4147 3756 11745
45 3983 7542
1653 3437 5501
298 4014 4568
1771 3124 7714
3535 1253 8951
2120 674 4931
2441 1632 4316
4078 1800 6530
1312 1809 6670
1609 585 5664
2172 4223 6835
1662 4307 7846
3401 510 7265
6 2322 4164
3496 3659 9235
2326 2769 7020
2562 518 5978
502 68 3021
3863 2874 8844
1309 1434 7202
782 120 4572
1602 2376 7882
1218 4375 8250
600 1241 5882
1323 2826 4836
3403 892 7162
2285 3677 6318
1744 150 2088
3218 4292 7825
3810 4207 11365
743 3115 4805
3603 1581 5540
2819 760 6034
4150 550 8287
1861 1758 7081
3965 2727 8651
2672 3543 7622
1742 723 3299
3269 2390 6624
1561 2105 6412
254 6 1431
3039 182 6370
1797 1225 7096
2641 2388 9145
2945 1720 8521
2879 796 3761
2350 840 7623
2954 2873 7805
1780 4419 8016
1409 4430 7578
3794 3887 11289
3826 2795 10975
1614 3269 8745
2631 4193 6958
2965 4461 10697
3697 1291 7122
414 4314 7823
302 209 3817
3034 2907 8339
3978 3482 8183
3628 3518 9261
4071 3825 9088
1667 3213 5893
704 1530 6069
359 3279 6077
3981 809 7314
88 946 4609
4364 1317 7074
574 3878 5535
2514 2569 7526
4174 13 4831
2814 2613 7870
652 2073 4083
2195 2780 5410
2702 3959 8745
3350 3909 11246
2039 1434 3722
2145 1330 4840
478 1699 6172
2939 2619 5860
1567 2546 7537
3881 1545 8861
1785 1006 6944
4390 3115 9538
2974 1802 7528
2912 165 7177
3196 2055 7976
2093 2316 4906
1568 3756 9234
2643 3669 7161
1069 4299 6307
2735 1829 6214
2576 2466 8606
3927 3234 10267
2363 1775 5255
2107 2252 4916
2269 3881 7768
375 1599 5846
2872 361 5866
2706 3798 7826
372 2106 4216
410 505 3423
2406 380 6174
3893 2620 9126
2795 1801 6386
1010 1531 6817
1153 93 5641
4417 3636 11135
1223 2886 7412
1427 3590 8825
130 2716 5500
3904 2382 7252
1887 314 5649
2979 761 4269
1552 908 6024
1261 1007 4322
3539 3709 11268
4088 1815 10008
1147 3070 6762
2798 3456 6366
2845 2135 6147
2643 2356 9487
107 2642 5451
3829 2654 10330
504 3841 4717
2645 83 3243
741 810 5156
3277 3580 9098
592 3541 5627
4225 484 7871
4204 1321 6958
575 2320 3719
4143 3347 10788
1614 1229 6375
3568 76 4703
3972 656 5068
3625 3904 9888
1840 2225 7459
302 334 3917
3606 4122 8894
4287 4398 13051
4208 3119 11364
664 490 4873
1196 3160 7515
1216 2409 4344
1350 98 5405
3339 372 4508
4322 1272 9577
4432 909 6357
403 3775 7039
1788 2721 4735
4491 81 8166
2758 2507 7790
3245 1857 8734
65 481 2445
4352 1240 8464
1750 3505 6978
3659 3976 8702
949 1663 5852
3308 4341 10395
2933 1706 8712
2256 611 7320
1255 1949 7163
1502 622 5413
1834 2876 9200
2096 876 3238
4314 1581 7312
3014 1307 5562
4229 1158 5901
1979 3732 6917
1683 3048 8761
4366 4282 10883
764 753 4552
2533 3436 8763
4318 1958 7560
1846 3250 8435
25 4106 8524
2762 2679 9624
116 976 5327
1701 3693 7681
228 3355 5849
1204 2860 4586
298 2064 4701
1419 373 2278
3839 869 8932
3829 3367 10888
2492 4411 8929
4247 4457 11189
3 3001 3136
1560 1920 5857
1400 4212 7754
3279 3043 10179
1452 3225 7785
1916 1755 3700
4372 1965 7469
3291 543 4160
1251 952 5788
272 3820 7342
3732 4433 8538
2674 2743 5997
2652 3328 7182
166 4229 5739
4112 1871 6555
2368 3774 7298
4179 776 8768
4265 2860 7398
232 218 1493
197 4040 4256
2009 3685 6397
4114 2583 8245
545 4030 8797
978 3846 7565
4382 328 8945
2554 4317 7386
2646 2837 7285
1598 2332 6275
1982 2355 4602
3443 3680 7349
3124 2362 8019
2718 1114 6728
2424 3885 9892
542 1040 1714
2776 778 5912
2540 2755 9156
2205 88 4353
422 3865 5283
193 2962 7605
1368 457 3015
2786 812 3833
800 1237 6429
3010 2482 8054
106 3936 6925
2475 1881 7459
4392 1925 8026
956 2744 8018
891 1902 4152
2647 1343 8071
2718 3467 6981
2093 158 6156
1750 987 4492
1942 678 5552
1159 2976 6324
3945 2396 10065
3422 1373 8898
3856 2613 8845
2619 1922 6715
2998 2785 7853
2287 2414 5578
4285 1734 6858
2770 4061 8359
3773 4173 11742
2116 14 5712
529 3644 5044
2822 3573 9965
4213 3972 9870
2978 547 3869
22 34 63
3658 2990 9692
2936 2742 9411
2155 2856 5235
1001 4496 5943
2049 2690 7571
291 346 4079
3862 2209 9022
4107 456 7047
4421 2061 8775
1214 1708 5538
3087 639 5766
3733 3418 7380
1356 1364 5744
2288 2543 9183
3158 2976 7596
2788 1246 6597
4205 2300 9883
4245 2483 9529
1273 5 1973
1934 3886 8093
2795 3711 9839
2721 1705 5443
2377 2948 8959
3033 288 3803
4260 2433 7951
1446 2942 8832
3633 1618 7232
283 3389 6937
4467 1549 7513
3266 2710 9664
3449 2764 9803
2506 4348 9708
2045 3503 7703
4198 994 7243
63 4491 8267
106 4098 5022
1633 3491 6561
2139 249 3448
2639 3457 9889
1886 555 3567
2410 2851 6657
2679 1985 7055
1889 3166 8931
1609 2603 7723
2133 3082 8848
3841 3408 9550
3566 3094 8985
1996 960 6087
3671 3868 9422
2898 1364 7539
3320 1910 6624
1643 551 2890
3718 3138 10495
2367 2497 8943
4395 3833 9029
495 31 4046
4111 1337 9543
4333 2758 10863
2703 43 4470
3989 1184 7161
407 228 1951
2704 3051 9250
4213 2513 9031
4190 1383 7059
295 502 3535
2132 2145 4757
3147 1042 5260
4440 3608 9769
1715 1044 3330
763 4195 6779
1582 2356 6622
221 2882 3321
3093 3586 8259
1051 502 5574
1844 1163 5288
4346 3311 10327
1797 1860 3865
2470 1773 6810
198 1282 2007
4277 772 5179
3572 4272 8167
4030 388 8269
3567 687 4735
635 1914 6221
3764 4103 9517
2090 3061 9170
2980 4087 8780
1731 1504 3955
964 1219 4818
2672 4373 8589
1854 353 3390
1260 2471 5230
34 4283 5862
2871 2500 8570
3919 572 7458
2196 779 5363
1658 2971 7550
795 412 2210
660 2792 7915
3394 4471 10318
1553 2553 7122
225 3899 8285
3385 13 6958
12 1047 4333
3759 1304 5882
220 2646 4622
20 3425 3964
3516 1949 6531
2991 2178 7513
3512 1353 9121
3785 3274 10107
2308 2703 8259
2446 1310 7597
435 3648 5659
1797 1485 5139
2781 3475 9643
751 1351 5440
430 657 2894
2249 102 4260
1516 3142 8802
3213 4062 7768
2913 3775 8765
966 4481 7354
3049 274 6593
1727 751 4054
3742 1345 8430
2247 1875 6432
1613 2787 4629
4465 63 7129
4454 1441 8090
197 1702 1934
979 1976 7383
3554 4231 11057
124 3142 5041
3430 2532 8435
1457 3790 9132
1800 1306 5553
2252 630 3430
1426 2966 8270
3514 2620 10630
2610 3373 6451
515 1350 2662
968 250 2675
4340 3346 9857
2718 4056 9609
1661 2362 5203
2812 1531 6069
873 3317 4443
2087 717 3584
1212 4396 6130
547 1572 2549
1365 1912 5533
3126 50 3529
3219 541 6542
3493 1899 8827
1041 1502 5213
3045 1121 4376
3864 1770 8061
2027 1569 3660
2359 3435 6869
3502 4306 11180
3731 2227 9069
201 4063 4975
1218 187 4213
4337 3386 11070
2856 250 3265
163 2976 4544
3973 1072 8715
228 2884 4227
218 985 4726
3229 513 7183
2101 2684 6621
1400 652 5901
630 1032 5088
2368 3029 7314
3483 289 6562
2389 3525 9154
3234 686 6583
2082 2130 7966
849 2463 6991
90 203 4536
