500
55 0 93
120 3 276
32 107 183
36 107 182
37 104 173
120 142 346
49 147 249
36 144 242
33 148 237
39 146 259
31 138 222
46 187 317
55 183 338
36 189 263
47 180 310
40 188 268
42 223 328
44 220 298
53 220 298
30 223 291
34 222 297
45 219 309
46 248 370
49 251 344
48 253 332
36 257 312
51 255 373
33 300 372
50 304 388
48 299 394
52 303 438
51 350 496
57 359 445
48 395 535
50 397 466
57 392 499
50 395 471
57 395 487
55 395 528
33 446 498
51 450 591
39 454 530
52 450 563
123 453 695
47 453 571
55 504 659
54 503 602
49 504 627
48 535 648
138 542 952
45 537 664
46 619 696
58 621 744
49 621 730
40 627 711
53 622 713
37 680 738
34 685 730
41 675 789
52 679 829
30 725 805
48 720 860
46 717 794
31 724 814
39 763 844
44 760 869
53 757 838
39 763 848
36 757 838
41 755 836
147 808 1023
31 803 858
32 799 883
30 855 909
41 851 975
52 891 986
47 898 1019
53 891 999
35 931 988
44 935 995
50 928 1054
38 934 1031
37 929 995
48 929 1010
59 970 1150
56 974 1073
36 1024 1077
126 1025 1360
141 1024 1259
46 1109 1234
36 1112 1210
39 1104 1199
57 1137 1258
55 1140 1221
32 1137 1212
44 1136 1213
59 1136 1262
36 1193 1295
31 1195 1247
55 1200 1354
45 1195 1312
50 1198 1305
30 1201 1249
34 1232 1288
82 1225 1407
55 1224 1309
32 1230 1294
50 1232 1332
30 1282 1335
129 1284 1658
132 1289 1561
58 1285 1411
54 1283 1370
42 1362 1454
47 1363 1499
39 1356 1467
33 1361 1437
80 1363 1510
88 1361 1569
126 1413 1787
37 1412 1486
50 1414 1514
37 1410 1475
51 1411 1541
46 1408 1537
41 1458 1530
46 1454 1581
43 1486 1613
37 1485 1565
52 1524 1637
34 1514 1575
54 1554 1667
39 1555 1634
50 1554 1689
33 1554 1648
38 1545 1636
92 1551 1723
47 1605 1728
123 1605 1848
36 1600 1666
35 1659 1736
86 1659 1912
54 1664 1825
147 1665 2104
44 1665 1790
37 1744 1852
34 1748 1840
51 1741 1841
82 1747 1917
51 1798 1946
132 1802 2181
53 1797 1942
50 1805 1909
42 1882 2010
34 1887 1955
45 1884 1996
35 1886 1978
49 1880 1986
54 1927 2009
44 1924 2051
123 1963 2198
38 1962 2071
141 1968 2331
33 1968 2057
33 1971 2060
56 1966 2049
48 2020 2147
32 2017 2082
138 2020 2280
90 2016 2162
37 2022 2092
51 2018 2135
141 2065 2432
32 2063 2126
90 2063 2336
135 2064 2295
47 2072 2183
49 2169 2288
59 2170 2283
54 2218 2373
30 2215 2280
57 2250 2399
53 2244 2336
35 2290 2361
58 2294 2395
38 2297 2405
36 2295 2381
49 2339 2479
44 2343 2416
46 2347 2457
45 2340 2409
44 2338 2456
123 2345 2637
57 2387 2558
59 2383 2493
49 2383 2485
34 2391 2441
32 2393 2460
47 2419 2545
43 2422 2548
45 2416 2545
147 2417 2815
53 2481 2561
42 2481 2578
39 2488 2552
53 2484 2588
129 2487 2752
32 2487 2578
52 2523 2672
40 2530 2595
129 2533 2888
57 2529 2686
126 2528 2791
41 2604 2675
59 2600 2690
41 2650 2762
33 2644 2703
32 2647 2717
57 2670 2805
144 2673 3005
40 2679 2770
33 2671 2773
30 2674 2722
138 2670 3019
41 2738 2801
88 2739 2938
57 2733 2838
53 2733 2895
31 2799 2880
53 2796 2895
52 2806 2940
36 2796 2875
132 2799 3090
92 2846 3106
31 2846 2911
39 2846 2915
33 2850 2948
50 2848 2939
35 2851 2919
38 2906 3009
57 2906 2994
41 2909 3017
41 2956 3019
42 2954 3025
48 2957 3030
34 2959 3039
31 2961 3020
50 2955 3073
37 2991 3057
38 2989 3074
41 2987 3052
33 2989 3053
34 3020 3114
40 3016 3087
30 3055 3134
126 3051 3402
84 3053 3184
32 3124 3168
123 3120 3390
50 3117 3235
36 3121 3174
52 3182 3259
43 3174 3249
41 3176 3245
36 3173 3248
55 3172 3297
84 3230 3399
36 3232 3328
43 3227 3351
32 3229 3291
49 3232 3378
129 3236 3476
55 3298 3423
50 3300 3447
51 3355 3431
36 3352 3419
49 3351 3497
34 3398 3476
54 3393 3557
45 3399 3512
82 3401 3575
45 3458 3524
52 3456 3566
46 3460 3549
52 3463 3587
37 3491 3590
49 3497 3641
54 3490 3645
38 3494 3589
48 3492 3638
98 3495 3788
37 3547 3647
51 3553 3688
38 3548 3630
42 3553 3672
98 3557 3756
98 3599 3844
94 3595 3881
51 3598 3731
38 3605 3686
54 3600 3750
34 3601 3701
52 3675 3757
120 3676 3914
55 3679 3828
57 3671 3816
46 3675 3761
42 3739 3867
33 3741 3813
58 3745 3909
51 3746 3894
58 3746 3839
43 3785 3850
31 3785 3838
50 3782 3861
39 3790 3879
55 3824 3985
30 3829 3910
56 3826 3954
52 3866 4019
86 3866 4095
35 3867 3957
44 3911 4015
58 3908 4044
45 3904 3986
40 3960 4027
55 3955 4118
51 3961 4091
38 3959 4050
37 3956 4029
50 3958 4109
31 3998 4064
37 3992 4051
50 4002 4106
49 3998 4118
41 4033 4120
55 4033 4173
39 4028 4139
36 4033 4098
36 4062 4151
92 4065 4245
49 4063 4149
33 4066 4140
48 4057 4190
39 4062 4127
30 4112 4201
52 4117 4233
31 4114 4203
44 4114 4246
39 4112 4188
51 4111 4221
53 4148 4285
96 4151 4378
88 4146 4376
55 4148 4247
44 4205 4312
49 4203 4300
98 4256 4519
37 4255 4362
55 4260 4337
94 4312 4528
59 4312 4489
51 4391 4538
46 4392 4492
41 4447 4519
55 4446 4565
57 4500 4629
55 4494 4641
144 4497 4901
44 4499 4630
55 4498 4586
54 4547 4707
39 4547 4660
39 4557 4664
32 4547 4631
57 4603 4734
37 4594 4675
50 4604 4728
33 4594 4690
39 4641 4724
31 4642 4720
42 4643 4718
56 4684 4842
54 4682 4782
37 4727 4806
58 4727 4850
35 4726 4820
48 4732 4829
50 4734 4864
40 4732 4833
144 4780 5128
32 4779 4866
59 4788 4960
80 4872 5115
37 4872 4967
56 4922 5071
40 4927 5002
120 4928 5262
58 4931 5013
54 4923 5012
92 4929 5100
37 5007 5122
57 5007 5125
49 5007 5153
39 5012 5089
120 5065 5342
55 5062 5154
41 5072 5160
38 5069 5130
50 5066 5191
41 5071 5168
43 5130 5214
52 5132 5216
36 5130 5201
51 5180 5284
47 5180 5290
41 5239 5360
53 5241 5348
43 5238 5314
55 5235 5396
45 5243 5363
144 5286 5698
39 5287 5370
59 5286 5375
35 5284 5361
42 5287 5402
31 5278 5352
53 5336 5489
44 5329 5448
57 5336 5415
33 5376 5458
32 5372 5449
44 5369 5443
41 5375 5487
34 5408 5464
80 5409 5563
56 5408 5559
38 5409 5513
126 5404 5730
53 5406 5482
35 5473 5566
82 5477 5598
98 5480 5661
41 5472 5573
44 5541 5654
84 5537 5708
138 5544 5760
48 5538 5616
41 5539 5609
43 5540 5643
59 5612 5724
54 5614 5774
88 5610 5814
30 5610 5696
54 5618 5725
55 5671 5818
144 5676 6020
49 5672 5773
33 5678 5770
39 5673 5756
53 5675 5807
41 5723 5841
41 5729 5784
58 5723 5815
30 5769 5824
41 5762 5850
49 5799 5882
56 5801 5883
90 5859 6019
51 5854 5974
39 5862 5919
32 5903 5952
53 5905 6033
50 5897 6031
48 5901 5973
39 5950 6012
36 5947 6014
57 5950 6121
48 5952 6026
56 5946 6039
38 5947 6014
42 5989 6060
45 5988 6065
44 5993 6090
47 5991 6064
41 5985 6066
129 5985 6272
57 6045 6164
88 6047 6282
48 6114 6245
39 6116 6204
34 6157 6230
40 6151 6212
55 6158 6234
33 6158 6244
46 6154 6244
43 6187 6294
58 6191 6326
42 6190 6254
35 6185 6271
