300
22 4 31
13 17 40
5 7 17
23 23 57
21 55 78
25 33 64
23 40 75
8 14 25
14 14 36
22 37 68
3 52 58
26 52 91
1 58 67
21 15 49
4 19 30
17 50 68
10 21 34
19 13 40
10 25 36
28 21 49
23 52 77
2 23 35
18 32 59
5 44 58
26 35 67
8 4 18
7 23 32
7 50 64
8 0 17
11 11 29
11 10 31
7 48 64
10 44 62
23 54 86
17 43 62
6 9 23
24 2 31
7 49 62
22 49 77
27 22 53
11 48 70
16 12 39
18 56 80
18 2 34
11 58 77
14 4 20
10 25 37
29 23 56
5 16 22
4 7 16
19 35 57
5 53 63
25 47 85
22 25 54
1 12 18
20 16 44
24 11 37
20 42 70
21 54 81
6 43 53
29 5 40
26 35 64
28 30 72
14 41 56
6 2 11
13 52 66
4 24 28
4 34 40
20 38 70
17 6 23
14 24 47
24 52 76
3 59 67
20 30 60
4 39 56
16 41 65
8 43 63
12 28 51
2 49 52
23 30 66
2 26 32
2 24 31
13 33 50
2 23 32
9 19 35
9 31 48
5 23 30
27 22 60
28 16 56
29 46 85
21 18 48
7 31 45
15 15 38
18 21 49
6 33 39
9 38 56
15 10 35
20 38 62
19 0 31
26 1 33
9 48 69
23 3 34
12 56 69
17 14 41
11 10 34
10 14 31
26 58 93
3 1 17
11 17 42
24 35 69
26 3 37
24 13 38
13 43 64
10 21 43
28 24 58
13 6 27
19 25 51
18 7 32
7 2 20
6 13 29
28 15 48
17 47 75
7 29 37
10 17 30
11 29 43
15 46 69
4 36 42
10 12 27
15 52 72
29 23 66
13 53 79
23 10 46
25 31 56
12 30 46
17 55 78
20 38 62
5 52 66
25 42 70
8 48 59
22 53 77
26 48 74
25 32 61
10 25 36
23 27 53
27 6 43
6 35 52
15 21 36
3 36 46
26 16 54
28 5 45
26 9 49
2 54 57
26 17 47
1 43 58
10 50 66
3 13 23
16 22 44
4 59 76
6 2 10
5 5 22
29 3 46
26 54 88
16 7 36
18 18 45
23 59 82
28 29 71
5 54 68
4 11 21
9 50 69
25 23 49
3 34 44
11 43 54
6 20 37
23 34 66
25 30 55
6 4 11
12 38 61
9 46 67
15 18 46
14 35 62
22 45 69
25 48 78
22 1 29
29 35 68
20 15 45
2 39 52
10 30 51
3 58 71
27 51 85
29 37 74
7 41 53
5 33 50
14 41 60
18 15 42
10 7 31
15 14 29
19 0 21
23 4 41
27 40 80
17 44 73
21 47 69
26 3 32
27 29 70
11 24 40
22 21 50
12 40 53
20 27 52
14 56 80
2 55 66
14 24 38
13 11 29
28 35 72
19 54 82
18 57 83
11 4 22
1 9 23
12 52 66
20 58 81
17 45 64
5 31 50
28 37 71
26 38 69
20 12 37
22 26 50
13 43 69
27 21 59
2 41 50
6 4 20
8 57 72
14 38 52
15 27 55
20 22 56
3 34 48
14 3 29
14 36 62
5 17 32
7 37 58
2 8 10
5 0 12
2 54 59
23 43 66
22 46 81
10 2 24
26 57 83
27 37 76
5 23 38
1 25 30
26 30 61
10 25 45
20 34 58
5 56 64
22 29 58
1 17 20
17 19 44
21 44 71
17 3 20
3 17 21
6 57 65
12 10 22
23 38 74
28 36 66
10 19 38
21 17 45
15 55 77
27 37 71
13 7 22
6 20 27
8 41 52
5 35 51
28 25 59
21 45 67
17 56 83
15 29 44
4 11 16
23 27 56
17 40 71
17 7 27
22 30 58
29 56 94
22 58 90
4 19 35
23 25 61
23 33 68
18 25 54
9 4 21
21 24 46
9 52 72
13 56 76
14 55 74
7 26 34
25 44 78
12 42 55
29 22 65
13 51 68
22 53 76
4 59 73
19 54 77
7 49 66
11 51 76
20 44 70
