150
10 2 23 
106 10 120 
95 11 108 
58 17 85 
59 7 77 
51 3 62 
44 14 70 
149 6 159 
16 5 27 
36 7 45 
108 9 124 
118 9 135 
57 7 66 
149 15 176 
98 15 118 
28 5 41 
80 12 97 
109 9 128 
12 8 24 
109 11 130 
136 1 148 
122 8 133 
51 10 71 
24 9 37 
88 5 99 
125 12 138 
118 13 135 
82 10 102 
102 11 115 
37 9 57 
110 13 126 
84 5 92 
117 16 143 
131 17 154 
81 2 83 
74 5 80 
114 3 128 
26 6 41 
110 14 129 
59 13 78 
3 1 12 
135 2 146 
101 7 114 
108 6 121 
139 7 157 
63 2 66 
85 15 111 
66 1 68 
3 14 22 
141 1 148 
146 12 166 
61 8 70 
28 7 36 
124 16 150 
102 9 122 
142 2 155 
66 6 78 
67 1 75 
66 14 82 
129 2 134 
119 2 133 
36 7 52 
106 11 120 
34 4 38 
32 1 40 
126 3 136 
69 3 84 
14 2 26 
62 8 82 
54 14 76 
13 17 36 
96 14 115 
131 8 146 
125 3 139 
109 14 133 
137 11 159 
130 16 153 
80 11 98 
57 6 71 
8 13 31 
64 3 79 
117 2 122 
80 6 98 
9 9 23 
102 11 122 
61 16 88 
78 5 90 
9 11 27 
36 15 62 
97 9 109 
18 8 37 
51 2 58 
84 17 110 
143 8 162 
58 15 80 
84 14 99 
22 16 48 
25 12 49 
53 7 67 
16 8 29 
63 2 75 
24 10 46 
6 15 27 
83 12 105 
18 14 36 
128 7 135 
16 11 33 
101 5 115 
138 1 149 
137 5 144 
48 1 50 
103 2 115 
104 1 110 
70 13 85 
5 14 26 
72 4 80 
90 16 112 
4 5 17 
104 2 116 
100 12 119 
36 10 54 
126 10 145 
97 5 105 
64 1 72 
17 5 22 
5 4 16 
146 1 159 
38 2 51 
135 11 154 
85 4 97 
69 6 80 
140 2 154 
34 13 51 
59 10 74 
139 1 148 
28 2 30 
61 3 66 
141 3 144 
67 16 91 
86 5 92 
25 6 33 
134 2 143 
28 13 46 
101 10 121 
122 15 141 
143 2 154 
83 7 101 
146 4 159 
143 17 161 
125 10 137 
