250
1 40 42
4 7 19
10 40 55
14 40 64
23 35 64
19 10 35
11 0 11
12 3 21
19 24 45
21 3 26
24 5 37
19 46 73
11 16 34
14 18 41
3 15 22
2 24 33
11 40 54
1 39 50
10 19 39
9 23 38
8 31 43
22 30 53
4 25 39
1 46 49
3 27 39
2 19 27
7 17 25
9 39 59
8 10 26
16 40 60
8 8 18
23 27 61
20 14 43
8 12 30
8 7 25
7 32 42
15 5 20
9 23 33
21 46 77
24 34 65
16 40 61
14 21 37
15 23 45
14 10 27
20 5 32
4 14 23
20 19 42
18 5 28
15 19 41
24 5 38
24 26 50
1 23 32
1 18 30
8 6 22
24 31 57
18 42 62
17 21 40
17 13 31
6 46 53
16 48 71
10 20 33
9 25 35
6 13 28
9 2 17
15 36 54
18 12 36
1 35 46
23 32 56
9 40 51
24 29 63
15 20 37
16 15 40
20 31 60
6 2 19
14 14 35
3 23 32
7 40 53
2 26 37
22 41 71
13 17 30
10 2 16
15 1 27
3 44 55
12 18 40
21 27 51
16 1 18
1 18 27
3 40 46
17 5 28
1 11 18
24 32 61
9 46 57
19 22 41
6 16 28
16 6 33
20 43 70
17 17 37
7 12 26
2 14 21
12 47 69
11 9 27
23 11 39
5 16 22
17 2 27
9 11 28
23 30 61
2 3 9
17 29 46
8 12 29
17 46 69
1 3 7
13 33 48
11 14 27
6 41 51
9 16 36
24 46 81
22 29 59
21 40 69
16 30 49
1 9 14
13 8 28
20 18 46
1 13 18
1 8 12
13 11 30
14 22 42
10 49 66
2 17 19
20 28 58
3 44 47
23 43 68
21 22 47
20 8 32
10 11 28
14 25 45
15 38 56
11 25 42
5 15 31
22 12 38
19 34 57
1 33 42
12 25 40
14 22 41
7 10 25
11 13 35
1 32 39
2 45 57
14 47 68
8 25 41
4 26 34
19 46 76
11 21 41
23 43 67
9 39 52
22 17 41
2 10 15
5 12 18
4 7 13
4 40 51
13 34 57
17 8 29
1 20 21
23 7 37
22 46 68
22 12 44
21 21 47
14 23 42
5 17 30
7 41 51
17 19 47
16 1 22
6 11 18
18 21 41
3 4 15
23 45 73
16 11 28
17 37 60
16 19 38
5 44 57
14 16 38
10 8 21
7 36 51
22 40 73
13 42 59
1 1 4
2 9 14
22 45 71
18 33 58
12 30 48
8 45 53
5 12 27
3 2 16
1 33 38
10 35 54
21 22 48
23 4 35
16 45 71
17 18 41
21 18 47
9 5 19
15 17 32
1 27 35
13 39 60
16 41 66
19 3 33
19 47 74
10 31 51
5 20 29
17 40 61
7 1 9
21 44 66
3 17 31
16 24 44
22 24 57
18 41 64
14 21 37
13 33 47
8 11 25
17 25 46
22 28 59
20 4 33
5 34 46
7 1 14
19 25 51
19 25 45
13 36 49
6 22 37
13 29 42
14 37 55
22 0 22
9 43 58
20 25 52
9 37 48
14 46 67
11 37 49
10 22 32
10 40 53
19 24 45
3 38 41
3 38 46
1 11 21
15 32 58
21 34 64
16 19 39
15 21 40
9 41 51
6 41 55
3 43 55
21 6 34
2 10 18
