250
76 64 141
222 123 349
46 83 143
69 104 181
4 104 129
10 60 77
132 46 188
216 68 306
147 122 275
34 116 151
134 87 235
205 110 324
240 28 287
186 12 207
148 15 168
32 26 72
203 28 246
115 24 150
60 51 130
206 41 266
208 66 275
156 30 208
58 93 159
37 30 90
190 100 309
222 116 347
88 26 134
88 22 126
153 121 274
46 107 175
125 18 164
193 103 303
66 69 139
106 90 220
141 117 276
49 72 138
10 62 83
232 85 328
195 75 286
149 20 180
249 15 279
153 101 255
113 99 213
244 78 345
84 90 183
163 103 268
70 107 177
193 73 285
101 111 221
192 11 227
121 79 207
205 115 336
52 23 88
236 74 320
151 14 181
109 12 133
133 51 194
236 14 268
236 77 332
86 109 213
206 55 263
52 97 155
236 69 317
250 32 304
82 2 86
151 87 259
149 58 208
190 31 229
29 70 109
131 116 252
233 48 290
177 54 242
66 17 105
28 29 76
80 35 129
157 69 250
236 86 329
29 80 119
194 49 255
110 25 157
145 119 278
208 42 262
77 109 195
84 32 133
113 109 244
37 83 122
55 110 173
236 121 367
223 90 313
98 2 112
106 52 163
207 114 321
140 123 285
65 14 99
29 28 80
158 76 243
223 49 276
145 57 221
201 106 315
148 111 268
249 19 269
244 52 312
217 86 315
52 85 139
46 106 165
105 75 185
212 124 351
5 72 80
29 9 54
63 43 106
105 90 195
195 119 327
51 35 95
24 36 82
165 74 251
176 53 249
129 87 234
83 68 172
184 17 219
124 92 235
61 50 111
50 26 81
156 52 217
131 9 160
114 14 137
213 57 282
10 93 115
51 52 122
94 0 117
154 9 178
126 31 175
143 76 239
8 98 110
21 114 142
233 64 312
52 116 188
40 18 58
193 59 255
26 75 125
15 88 126
209 71 303
37 67 112
198 80 300
134 118 267
196 81 277
202 111 327
249 26 288
51 51 106
157 103 265
179 62 256
211 124 342
79 75 161
163 19 202
15 30 59
36 47 87
123 57 200
250 96 366
147 100 262
157 38 200
51 5 75
201 23 231
118 68 198
17 101 142
14 88 111
73 15 110
84 69 169
122 41 172
69 37 123
169 79 270
65 17 98
35 85 126
85 21 107
198 16 220
234 118 374
166 14 202
121 47 169
177 62 249
134 29 173
194 2 209
53 45 106
94 74 186
60 88 166
250 8 274
85 79 177
76 99 178
82 66 161
152 22 174
81 29 129
73 53 142
183 16 221
158 52 228
177 96 294
189 53 249
167 50 240
186 48 253
136 54 209
181 1 185
95 113 218
130 88 232
127 12 158
125 55 196
41 116 163
83 107 196
233 50 292
229 41 286
71 9 83
12 15 45
64 81 147
104 116 235
158 104 285
157 123 285
225 22 250
123 10 147
89 9 120
201 23 232
110 48 182
173 123 310
248 50 305
126 122 270
152 29 197
43 70 136
212 25 259
4 85 93
18 45 66
3 97 103
109 77 197
226 89 329
118 105 225
179 50 232
158 70 229
59 108 188
160 111 293
87 74 167
105 123 234
111 19 140
160 27 208
54 12 74
16 5 27
136 29 187
6 83 103
230 57 296
179 109 304
224 34 281
12 19 55
72 120 196
148 81 241
35 11 67
96 64 179
13 1 22
54 55 112
