350
13 32 58
33 35 79
12 20 38
18 14 54
33 24 67
20 6 48
43 26 93
16 16 51
41 1 46
32 27 82
2 5 31
35 15 57
34 15 69
36 30 87
36 33 78
20 7 34
21 34 60
36 14 51
57 27 97
54 33 87
35 19 77
60 36 98
4 3 17
46 7 61
11 8 39
40 13 65
36 23 75
20 27 59
56 30 88
60 4 88
39 36 91
22 31 70
38 7 59
61 34 117
22 29 59
24 28 55
59 21 83
10 30 41
66 1 87
47 5 75
74 14 89
73 35 128
34 25 72
24 24 59
25 9 57
19 12 32
38 6 56
58 28 111
44 20 64
25 34 74
62 7 79
48 5 56
24 6 36
20 9 31
28 7 39
83 6 113
14 19 38
21 34 61
15 20 54
11 4 27
37 21 65
78 25 105
20 3 39
87 15 122
78 21 122
52 18 74
51 14 67
34 4 59
31 3 34
30 10 58
26 19 62
57 1 73
50 18 71
64 1 84
72 32 118
58 28 90
16 29 58
89 15 129
64 5 90
61 11 90
91 18 127
70 19 104
41 25 66
78 16 116
45 9 65
56 30 87
104 2 126
44 17 61
72 16 93
82 23 117
74 21 99
98 26 131
77 11 98
32 29 70
67 5 75
20 30 57
54 11 66
23 1 44
41 32 78
88 9 102
60 6 75
86 28 135
42 15 63
111 4 126
119 20 158
24 8 44
98 36 144
87 30 137
25 28 67
33 25 66
28 1 41
123 6 154
45 13 83
31 4 49
111 28 148
45 13 71
76 10 109
69 26 96
50 3 66
50 32 87
87 19 128
124 14 152
53 11 67
61 6 82
70 11 94
115 7 132
125 23 163
101 9 113
100 15 137
135 21 159
67 8 93
125 10 146
110 2 134
29 29 65
66 16 83
34 29 73
130 24 168
79 16 108
100 19 126
60 4 85
48 24 84
104 22 149
41 4 58
100 29 130
78 31 133
33 23 61
127 25 173
30 3 38
128 17 147
150 30 192
138 33 196
48 11 78
141 1 154
149 12 169
103 13 127
121 36 168
127 29 178
128 5 157
58 28 100
70 13 87
79 30 120
109 5 120
53 7 72
47 22 74
160 7 190
104 36 142
83 17 116
102 26 148
119 21 157
156 33 195
125 36 166
52 25 78
45 13 67
122 34 171
111 24 148
48 16 84
151 12 185
55 18 94
89 24 113
67 14 101
133 11 162
139 23 162
134 20 165
112 1 126
93 30 131
80 3 104
61 8 85
111 1 131
74 5 92
116 23 152
145 19 187
140 5 161
150 21 177
92 20 118
162 27 208
122 22 161
105 7 130
155 1 180
57 28 88
69 20 108
143 13 174
140 10 152
128 22 174
175 20 214
80 13 117
184 14 223
147 6 175
63 33 114
145 6 163
189 27 239
132 6 160
77 28 123
173 25 206
53 27 94
63 32 105
117 2 120
132 21 166
129 9 139
163 21 194
107 3 117
98 35 157
120 35 172
73 19 94
183 25 232
79 35 135
141 32 181
67 8 81
109 31 150
167 24 196
87 18 130
200 18 219
200 21 230
91 7 106
181 31 228
86 18 109
209 22 243
63 28 94
179 1 194
200 36 243
77 22 108
207 16 234
142 31 176
103 29 147
86 3 91
184 30 216
141 27 176
112 33 159
55 7 83
137 3 146
80 32 132
147 2 170
144 5 162
204 3 227
179 35 215
218 11 236
114 19 153
146 16 173
152 26 199
97 12 128
213 12 234
215 20 257
195 3 218
74 22 96
111 12 137
60 1 70
174 22 196
190 2 215
82 6 92
116 30 151
129 34 179
116 36 154
129 22 170
111 32 161
193 10 215
141 22 185
217 14 238
105 12 125
203 25 240
135 19 161
62 35 107
234 26 280
196 30 234
208 23 234
105 23 131
120 29 157
173 35 220
195 11 212
117 7 138
171 16 198
177 15 207
252 15 292
73 33 115
91 28 127
135 16 151
124 32 175
179 24 221
89 1 105
238 25 277
99 32 135
186 32 219
213 12 233
153 14 170
170 16 197
229 11 263
100 36 147
162 8 190
261 29 297
199 35 247
145 6 155
212 5 242
137 2 164
143 22 165
223 33 274
234 22 258
245 11 272
80 23 117
140 34 198
137 22 177
245 2 250
138 9 169
114 31 148
66 3 74
213 19 256
172 33 228
92 22 137
173 31 220
251 25 290
172 18 191
226 2 231
87 22 118
177 36 233
127 16 166
249 27 298
214 34 261
124 4 151
198 14 235
185 2 195
232 25 275
231 16 251
120 15 149
211 36 258
103 31 136
149 19 174
271 28 318
196 33 249
120 10 147
129 34 171
140 20 170
202 34 236
243 8 263
