200
18 5 23
6 13 19
11 16 27
8 25 33
3 28 31
9 29 38
2 32 34
4 33 37
5 33 38
13 37 50
3 40 43
1 42 43
2 42 44
5 42 47
4 42 46
16 45 61
19 45 64
16 46 62
19 46 65
17 48 65
15 55 70
1 59 60
3 59 62
15 59 74
9 60 69
19 62 81
5 68 73
17 71 88
6 87 93
14 92 106
6 93 99
15 96 111
8 109 117
16 116 132
18 124 142
18 133 151
19 149 168
18 158 176
19 162 181
4 163 167
16 163 179
7 168 175
9 170 179
13 178 191
18 182 200
18 185 203
7 187 194
6 187 193
3 189 192
7 191 198
16 191 207
2 200 202
8 200 208
12 202 214
2 212 214
10 212 222
13 216 229
6 227 233
5 232 237
2 235 237
19 235 254
7 243 250
10 247 257
14 252 266
15 256 271
7 257 264
7 258 265
4 262 266
2 263 265
2 264 266
19 264 283
14 264 278
10 264 274
6 271 277
15 275 290
8 275 283
6 277 283
17 278 295
4 281 285
12 282 294
1 293 294
8 293 301
11 297 308
11 300 311
4 306 310
9 307 316
1 307 308
6 307 313
18 307 325
8 310 318
2 313 315
11 314 325
16 316 332
16 326 342
11 334 345
9 336 345
19 344 363
8 346 354
14 353 367
7 354 361
16 360 376
7 364 371
17 364 381
6 378 384
18 381 399
4 382 386
12 382 394
7 388 395
8 393 401
5 400 405
8 400 408
6 405 411
6 409 415
4 413 417
7 415 422
2 420 422
1 420 421
7 420 427
18 423 441
3 431 434
15 431 446
7 436 443
7 439 446
11 443 454
8 450 458
10 454 464
8 463 471
16 468 484
19 482 501
12 494 506
11 505 516
9 509 518
3 517 520
14 518 532
1 531 532
2 531 533
16 532 548
7 536 543
4 541 545
5 543 548
18 543 561
4 554 558
9 555 564
2 563 565
11 564 575
16 570 586
14 573 587
2 573 575
8 573 581
19 577 596
16 587 603
15 592 607
1 601 602
10 601 611
18 601 619
5 609 614
4 611 615
19 613 632
17 631 648
9 643 652
15 649 664
15 651 666
1 652 653
1 652 653
16 652 668
11 662 673
6 662 668
2 666 668
16 666 682
8 666 674
14 666 680
16 668 684
17 683 700
9 687 696
10 691 701
14 10 24
12 14 26
14 8 22
13 16 29
16 20 36
10 31 41
19 33 52
11 37 48
3 38 41
16 38 54
18 42 60
10 45 55
2 51 53
13 52 65
10 59 69
11 65 76
3 71 74
9 73 82
11 81 92
1 87 88
3 87 90
2 88 90
12 88 100
13 91 104
9 95 104
