350
76 3370 3460
131 478 799
89 1296 1406
89 5330 5486
51 4599 4709
62 5360 5511
79 5796 5895
136 3089 3390
57 2400 2503
3 5777 5781
69 3509 3636
77 2146 2332
34 1433 1496
129 1206 1448
89 3343 3467
81 3813 3963
82 131 325
21 5689 5717
102 83 313
136 2535 2705
58 5054 5171
44 6683 6749
42 4268 4358
49 783 904
16 266 303
75 1672 1844
129 1775 1986
36 1935 2023
27 6835 6862
141 4825 5172
135 2097 2257
136 4701 5015
49 723 830
110 2856 3101
56 6760 6885
23 2441 2495
51 3238 3312
41 1712 1813
124 294 588
71 5433 5555
84 6078 6281
100 4481 4721
96 934 1054
128 6556 6787
68 5266 5356
37 4241 4314
32 3733 3806
71 3563 3701
107 1533 1761
137 122 325
1 3128 3129
120 4065 4318
83 4287 4423
97 1003 1121
11 2285 2304
107 3706 3909
68 1246 1392
80 966 1162
67 6401 6473
34 2582 2644
16 2318 2337
134 3564 3840
9 502 514
34 2612 2685
117 5699 5870
134 3858 4141
50 827 880
55 3875 3947
40 1487 1567
139 6682 6883
54 539 597
112 6108 6265
10 3318 3336
41 482 541
54 4303 4402
110 2417 2536
10 371 384
115 3236 3506
63 6783 6856
68 6874 6993
116 3156 3289
123 5771 5972
46 4373 4482
35 3541 3621
109 3469 3672
134 5513 5675
30 2943 2981
1 2147 2148
33 5890 5954
5 3421 3429
51 2618 2684
45 3666 3737
41 337 394
19 4110 4146
32 4809 4863
10 2687 2701
70 339 453
139 2213 2406
134 4458 4668
140 513 754
14 1082 1114
101 3069 3170
115 1288 1556
43 575 626
132 3418 3742
130 6253 6538
125 6415 6656
86 3734 3829
12 420 442
91 5020 5201
119 210 445
49 5527 5605
104 4014 4176
64 2996 3064
102 1879 2023
96 1341 1556
4 1393 1398
85 436 600
34 1080 1127
7 3240 3249
15 2797 2814
71 3510 3590
105 1809 1950
87 6637 6811
100 3911 4146
70 3098 3250
95 3916 4030
27 3250 3310
85 147 242
65 1919 2024
143 3196 3515
104 6014 6190
51 5142 5207
74 4564 4718
23 4283 4319
9 5063 5079
131 3839 4075
50 5393 5477
31 6331 6395
44 4179 4242
137 3030 3275
17 2279 2316
27 1955 2009
54 6412 6522
39 774 815
78 5913 6100
44 3776 3830
112 3780 4005
26 6275 6325
136 5933 6115
116 2012 2233
27 5234 5281
14 3477 3497
98 1417 1560
123 5587 5842
64 5586 5681
93 4875 5068
71 3723 3879
98 4108 4231
93 283 513
69 4392 4538
113 5493 5641
25 3019 3070
54 17 111
63 2572 2675
35 280 341
12 4048 4062
53 3239 3359
14 6021 6043
27 6766 6802
50 4591 4692
79 6320 6411
78 627 790
39 3095 3161
32 810 854
82 6014 6105
38 3721 3809
18 6615 6650
67 2163 2315
122 4484 4628
92 4986 5112
51 3500 3585
137 2844 3174
139 6784 7023
21 377 424
46 3371 3417
130 2970 3200
51 2026 2123
82 2009 2197
101 6127 6282
9 2794 2809
21 873 920
12 356 378
24 6681 6730
121 5108 5318
74 1401 1531
63 6563 6641
106 1334 1495
92 367 567
26 3067 3121
44 3311 3385
108 6733 6896
77 3402 3525
67 4398 4548
2 6087 6090
91 5913 6034
5 5792 5801
130 3549 3745
116 6719 6905
51 649 757
37 6774 6826
19 4704 4731
55 3836 3936
54 5315 5431
66 3030 3132
23 1777 1810
115 6147 6296
37 2917 3005
75 169 310
8 1646 1655
123 4439 4737
126 1727 1897
91 1407 1600
143 1782 2006
58 354 434
115 2017 2157
63 6800 6870
106 4663 4813
128 6061 6237
100 3827 3964
119 3211 3351
137 829 1034
55 663 767
17 5145 5180
121 1066 1334
13 6086 6112
100 5768 5974
31 23 74
12 1188 1210
70 6050 6131
41 6786 6868
81 2571 2700
3 836 842
73 942 1073
64 5265 5332
113 2540 2805
68 2595 2713
58 5039 5141
70 4468 4564
43 4583 4634
119 1820 2065
123 6625 6850
26 6956 7004
98 6753 6914
139 1392 1716
85 314 525
120 3446 3567
45 1474 1532
90 1063 1251
109 5242 5351
35 2543 2585
70 5550 5720
27 1732 1762
56 5367 5428
123 347 640
102 5663 5803
87 2544 2675
134 3467 3756
132 1155 1400
1 919 920
91 606 780
85 2896 2995
54 1173 1246
38 2699 2775
91 200 361
126 4993 5226
112 5448 5625
102 2685 2824
24 1150 1175
39 1869 1961
46 6263 6337
4 4416 4423
122 2870 3117
101 3026 3166
25 6440 6491
44 4468 4549
17 5730 5750
127 3677 3850
60 1192 1279
84 6545 6749
80 4046 4229
55 2109 2218
69 6513 6666
62 728 827
4 1104 1112
127 5077 5215
43 6689 6767
1 3818 3819
9 469 484
67 3117 3283
38 3172 3238
50 6780 6891
96 6603 6832
46 4557 4659
133 2940 3199
24 5395 5422
31 316 375
11 2933 2951
122 4709 5005
107 3454 3701
49 5946 6020
109 2633 2865
16 5260 5295
22 5042 5095
33 2710 2750
142 1066 1350
122 858 1033
138 6167 6459
138 1094 1435
35 2307 2386
67 3408 3572
53 2128 2205
117 877 1120
116 2152 2302
62 6852 6926
96 3367 3510
93 525 730
34 1860 1941
81 2549 2733
1 2934 2935
89 4264 4464
1 5556 5557
69 6183 6271
134 5584 5844
8 6568 6581
134 639 773
62 4490 4600
33 2335 2383
111 2180 2440
63 2627 2771
96 1773 1954
106 4729 4933
73 5326 5400
48 6725 6830
31 4217 4257
120 2502 2677
125 574 870
78 3284 3474
38 2206 2252
35 642 721
