200
159 1 174
156 53 223
172 83 273
194 34 239
153 33 192
5 12 23
46 12 74
168 11 187
77 44 140
85 61 149
59 64 138
60 93 164
164 97 276
7 54 78
139 20 160
194 4 211
111 57 178
147 84 236
129 14 159
9 66 86
33 59 96
6 0 13
186 64 253
90 43 134
125 74 202
91 31 125
83 15 101
72 58 132
170 4 184
137 63 204
7 65 72
169 39 225
51 60 113
70 90 162
154 54 222
35 73 122
109 51 165
8 58 66
109 53 165
194 57 267
99 73 184
116 95 220
182 42 231
119 82 219
93 25 120
56 50 114
58 55 125
155 27 183
89 36 133
186 6 195
106 27 145
98 47 149
188 23 227
123 97 237
160 3 167
131 46 190
136 24 175
30 72 102
53 81 149
60 67 140
26 84 116
1 61 75
153 25 186
67 34 103
120 77 198
118 20 146
70 3 78
71 53 140
173 8 199
11 12 36
89 50 152
133 80 222
154 78 233
45 55 108
182 74 273
159 3 169
90 12 117
84 80 178
22 53 87
192 20 222
113 26 139
167 50 217
136 52 193
131 61 195
137 44 191
39 84 127
34 46 90
74 24 105
58 7 84
48 47 111
130 15 163
27 94 129
28 99 138
3 39 60
54 41 98
133 65 207
43 11 54
161 77 254
140 36 178
160 66 229
15 12 38
154 18 173
175 52 244
27 79 125
150 91 249
36 75 115
7 96 119
24 75 118
24 72 114
158 5 176
163 35 210
107 96 217
93 99 193
180 52 233
94 19 119
120 47 167
190 29 224
132 19 159
75 74 152
35 87 134
182 49 243
14 87 116
95 80 175
129 70 214
4 79 90
18 70 96
114 76 190
84 34 124
127 99 244
75 70 154
193 51 258
69 27 100
45 86 150
177 63 248
59 27 101
186 35 235
122 13 141
108 38 151
77 56 134
199 27 228
81 26 114
124 0 124
13 61 80
145 20 179
72 80 164
5 27 38
144 74 225
174 35 219
61 20 82
56 64 126
152 66 230
33 81 114
144 30 180
19 39 63
86 62 158
27 96 131
61 6 75
114 12 132
16 12 37
44 87 132
57 83 148
191 55 246
159 98 273
15 33 49
125 35 170
189 27 231
96 54 160
108 14 125
82 98 186
122 87 224
141 79 239
23 54 84
74 42 134
9 30 47
87 6 93
30 99 148
167 23 206
39 89 130
82 67 166
32 1 38
68 7 81
141 83 233
133 52 202
146 85 231
149 64 225
84 81 170
69 32 112
44 80 132
21 74 96
151 8 171
77 1 90
1 98 113
180 77 263
42 84 131
164 24 192
91 48 145
193 59 264
160 79 252
99 33 148
141 2 143
