150
67 0 106
54 0 112
45 3 79
73 3 121
43 4 97
63 0 95
40 0 100
59 59 166
59 58 167
44 56 146
60 59 168
74 63 174
41 61 168
64 62 189
45 117 196
52 114 211
71 112 231
71 117 247
53 109 214
63 160 278
68 166 290
53 169 259
48 165 275
40 168 252
62 169 265
59 210 335
47 216 295
41 218 315
67 218 320
64 273 387
60 280 392
48 279 387
51 281 385
41 337 435
58 344 444
46 341 448
70 342 446
57 336 442
43 407 483
43 409 521
50 400 498
65 409 518
74 407 529
77 409 549
55 405 519
47 462 544
65 456 581
50 459 560
75 455 566
67 525 657
50 522 635
67 525 642
58 521 645
72 523 659
79 579 723
58 580 688
57 577 688
62 577 706
51 585 681
58 586 675
66 577 681
76 638 780
68 640 755
40 645 740
75 636 757
57 638 763
142 642 844
51 643 750
42 700 800
87 707 838
54 704 803
72 707 814
49 704 813
41 709 788
79 772 904
72 768 874
75 771 910
44 768 847
155 826 1032
57 827 920
68 834 952
41 835 936
149 826 1005
78 891 1037
42 893 984
45 892 968
57 896 989
41 959 1042
77 961 1097
42 964 1043
64 957 1080
46 957 1051
72 962 1085
40 1017 1099
66 1019 1120
65 1015 1149
65 1013 1136
70 1011 1116
40 1083 1191
55 1079 1191
40 1084 1162
43 1079 1157
78 1077 1188
43 1084 1191
66 1131 1257
59 1132 1234
45 1137 1226
47 1139 1249
76 1137 1260
64 1135 1254
58 1202 1327
77 1203 1347
52 1195 1314
41 1203 1292
44 1260 1343
59 1263 1386
50 1262 1348
42 1262 1362
49 1324 1415
50 1318 1419
79 1320 1444
58 1322 1410
73 1317 1420
49 1377 1476
58 1383 1510
53 1376 1489
54 1377 1497
55 1381 1472
68 1378 1503
41 1434 1540
56 1434 1547
43 1436 1539
42 1439 1511
55 1481 1569
46 1487 1596
51 1487 1589
67 1489 1614
48 1533 1614
62 1537 1640
75 1533 1651
54 1532 1630
53 1597 1709
65 1600 1733
43 1599 1676
51 1599 1717
79 1663 1780
52 1665 1763
50 1665 1780
42 1666 1751
71 1669 1791
