150
1239 908 3422
957 511 2307
1259 1111 3657
779 313 2226
1088 499 2428
461 1230 2105
540 601 2081
448 37 489
970 1471 2751
1155 231 2390
150 208 1168
567 228 1071
375 134 1181
453 1008 1958
17 1151 1428
1109 352 2924
840 1292 2789
633 622 2291
1328 1242 3074
579 759 1673
714 678 2148
26 1088 2070
498 25 785
1134 527 3000
1359 710 2622
1107 178 2414
456 45 1352
360 773 2561
1368 1094 2941
659 626 1988
1364 142 2715
469 835 2516
270 1021 2247
374 934 2696
71 738 942
1085 634 3129
1375 1123 2818
439 970 2460
1500 1250 2776
802 793 1690
1219 1228 2451
897 322 2160
962 937 1956
1082 1336 3777
387 984 1977
906 482 2438
1471 186 2214
199 567 769
974 247 2634
1024 588 1663
1249 515 1795
277 383 1147
798 1417 3056
1137 1402 2640
1330 233 2073
713 876 1795
567 1214 2907
1206 890 2669
133 1479 2755
438 1167 2598
60 102 1290
1007 1442 3824
1426 1247 4057
1233 469 2761
1464 1027 2518
223 930 2047
663 1144 2276
477 914 2319
342 620 1112
1185 502 2676
1441 1142 2743
860 814 2916
492 940 1992
1092 528 1993
38 998 1836
553 679 2643
411 561 2159
465 861 1710
449 175 1675
1220 1197 3138
812 162 1768
318 173 606
143 848 2185
589 1281 1950
515 541 1391
1367 1143 2515
218 1265 2494
1274 40 2102
1364 366 2340
1246 290 1813
584 1341 2080
336 821 2142
543 973 2555
666 366 1898
448 160 2048
833 854 2681
255 633 1862
880 63 2087
164 1332 2519
700 812 1964
501 465 1740
762 600 1794
604 1233 2188
112 140 1365
918 237 2190
235 449 1389
415 444 1526
810 960 3008
1300 1234 3913
1407 306 2784
844 561 1908
1090 38 2377
706 233 1964
1370 525 2397
79 861 1799
121 1058 1917
1159 1367 3137
965 920 2867
842 1262 3060
1491 1089 2684
946 914 2638
112 399 783
996 1481 3344
656 974 2060
478 415 1537
222 88 923
1297 598 3061
1090 451 1602
932 584 1753
675 1200 2206
83 471 1704
1489 558 2829
1079 1279 3650
1360 114 2498
405 1265 3136
993 1267 2736
1150 839 2331
179 1498 2120
179 316 728
563 262 1479
1124 1078 3466
794 279 2541
938 1457 2994
1450 1114 3853
579 168 1882
379 885 2523
628 1229 3156
492 1117 2150
1356 1452 3405
1107 89 2445
