350
19 0 19
13 0 13
8 0 8
18 0 18
3 0 3
11 1 13
12 4 18
12 5 19
13 5 20
4 7 11
2 8 10
17 9 27
8 10 18
7 10 17
10 11 21
18 11 29
11 12 25
15 12 27
14 16 30
3 17 20
17 18 36
18 20 39
17 20 37
13 23 37
17 30 50
6 30 37
17 31 50
7 31 38
1 33 34
17 34 52
12 34 46
12 36 50
6 37 44
6 39 45
3 39 42
4 40 44
15 42 58
12 43 57
16 44 60
6 45 51
11 46 57
16 49 65
17 49 67
9 51 60
5 53 58
2 55 57
14 57 73
12 58 71
15 58 74
9 62 73
1 65 66
10 66 77
16 66 85
12 67 79
12 68 80
17 69 87
15 69 85
18 70 91
13 74 89
1 76 77
19 77 99
2 77 79
18 79 100
3 83 86
10 84 94
12 89 101
10 89 99
13 90 104
1 92 93
2 93 95
5 95 100
7 97 104
14 98 114
14 99 115
8 99 108
11 100 111
13 103 116
3 105 108
3 106 109
14 107 121
15 107 123
18 108 129
15 108 123
9 112 121
7 113 120
8 114 123
1 117 118
1 118 119
15 119 136
2 120 122
11 121 133
1 121 122
17 122 142
15 122 137
19 123 142
4 124 128
4 124 128
16 124 141
13 125 140
18 129 148
9 129 139
10 133 144
18 135 156
14 135 151
17 137 154
17 139 159
13 141 156
15 145 162
11 145 157
12 151 163
15 152 167
9 155 165
16 157 173
15 158 176
7 162 169
12 163 175
11 165 178
6 165 171
19 167 189
19 170 191
11 173 186
10 175 187
14 177 191
18 179 198
11 181 194
12 184 197
10 189 200
10 189 199
17 190 209
9 192 202
5 193 199
18 195 214
17 198 218
7 199 206
8 201 210
1 201 202
17 202 222
9 202 211
16 203 220
19 204 225
19 207 228
17 207 225
5 208 213
5 210 216
4 213 217
9 213 222
18 214 234
10 215 226
5 215 221
19 218 239
1 221 222
16 222 239
10 222 232
6 225 231
14 227 242
19 228 248
4 229 233
15 229 247
2 232 234
12 232 246
10 236 248
11 240 253
6 240 246
18 241 260
18 247 265
11 248 261
7 249 256
18 250 268
19 252 271
6 253 259
6 256 262
3 258 261
8 258 267
14 259 275
2 260 262
2 261 263
13 262 276
19 263 283
1 263 264
10 263 274
11 264 276
1 265 266
12 266 279
8 269 278
16 270 287
18 273 291
18 275 294
11 277 290
2 280 282
6 281 287
3 281 284
13 282 296
15 282 297
14 284 298
15 288 304
2 293 295
16 294 310
8 295 303
2 296 298
8 297 306
12 298 310
8 302 310
4 303 307
19 303 325
9 307 317
13 307 320
8 308 316
10 309 319
5 313 318
17 314 333
14 314 329
18 316 338
12 320 332
14 325 342
16 326 345
12 327 341
13 328 341
7 335 343
15 338 354
7 340 347
4 342 346
3 343 346
16 343 362
5 344 349
5 345 350
12 348 361
17 348 368
16 352 371
3 352 355
15 355 373
10 355 366
18 358 380
17 362 380
2 366 368
4 368 372
14 368 385
1 368 369
15 369 386
5 372 377
18 373 395
5 377 383
17 377 397
4 381 385
1 383 384
3 384 387
1 384 385
5 385 390
13 387 401
1 387 388
19 388 411
7 391 399
17 393 412
12 394 406
6 397 403
7 397 404
13 398 412
13 400 413
9 401 410
10 403 413
5 405 410
18 406 424
5 406 411
6 408 414
18 410 428
14 410 426
3 411 414
15 412 427
15 413 431
10 414 424
6 421 427
12 424 436
6 424 431
9 424 434
1 426 427
2 427 429
4 427 431
18 428 446
12 429 441
19 433 452
15 434 449
2 435 437
17 437 454
6 438 444
11 439 451
11 439 451
4 439 443
3 442 445
14 442 456
15 443 459
1 443 444
18 444 462
7 448 455
17 449 468
15 450 466
17 451 470
1 455 456
2 456 458
15 457 473
9 457 467
17 465 483
5 465 470
10 465 476
17 466 486
8 469 478
7 474 482
15 478 494
12 481 494
3 482 485
15 484 502
6 494 500
7 494 501
14 495 509
6 496 503
8 500 508
9 501 511
8 503 511
4 503 507
11 505 516
7 507 514
18 507 525
6 508 514
16 513 529
19 513 533
15 514 531
3 519 522
13 519 534
4 520 524
15 522 540
16 524 541
10 527 537
3 534 537
2 535 537
17 536 555
11 537 548
16 538 554
15 539 556
4 543 547
13 544 559
1 550 551
11 552 563
18 562 580
11 580 592
16 585 604
9 601 610
12 606 618
16 607 624
13 616 630
2 623 625
17 625 642
4 640 644
