450
8 14 31
7 6 34
38 3 41
42 74 131
20 18 52
41 39 98
1 66 82
30 49 95
13 71 102
39 87 133
43 31 76
23 55 97
9 3 25
23 59 85
31 8 56
9 70 83
21 56 85
2 68 87
10 87 102
37 7 65
14 62 86
26 39 71
42 41 93
13 51 68
20 69 107
32 7 48
23 20 61
35 2 50
10 3 21
4 44 59
7 16 32
38 24 70
13 22 48
1 30 34
44 24 77
16 42 75
24 56 98
27 57 86
4 32 53
6 12 37
16 79 104
13 61 95
6 19 27
41 82 135
20 28 61
10 51 66
11 50 79
36 76 116
41 22 68
44 71 115
16 13 34
44 46 100
4 29 46
33 1 38
18 8 28
25 55 80
3 45 49
30 25 70
35 42 78
3 65 87
32 2 34
10 45 70
24 31 67
20 21 62
10 38 58
39 37 91
35 11 67
44 66 114
44 55 110
39 86 131
16 46 70
7 0 24
24 54 89
5 81 100
30 13 49
5 44 62
38 24 75
40 31 87
34 60 105
44 87 142
24 14 48
7 27 53
4 76 80
41 26 86
2 57 60
32 45 90
24 39 84
9 52 62
14 83 111
9 45 68
31 19 51
4 0 13
8 12 38
14 39 56
9 27 40
15 57 90
34 82 118
31 49 92
28 63 108
30 39 74
12 59 87
13 11 42
33 39 82
18 25 48
26 57 87
22 38 79
23 27 65
2 78 84
37 35 84
16 54 84
36 3 51
31 74 118
32 44 79
37 83 124
38 33 91
32 43 84
7 2 23
16 29 45
16 23 51
44 68 120
26 24 58
38 74 126
2 7 12
41 23 78
28 78 127
9 56 76
44 29 91
43 45 94
31 42 83
25 26 61
21 54 85
39 44 100
7 60 73
11 63 79
20 21 41
6 74 95
29 38 78
24 75 111
21 31 71
42 81 128
34 61 98
38 67 118
10 44 75
41 25 80
40 72 116
10 31 52
29 8 48
10 53 76
24 55 95
5 43 51
11 34 57
41 85 138
20 39 64
13 24 49
25 81 111
23 83 114
27 49 94
2 59 78
15 88 119
18 68 94
26 18 57
24 75 115
42 33 87
21 36 78
5 36 48
4 73 96
43 86 137
26 23 59
24 75 110
26 40 73
35 30 69
7 48 62
26 27 57
40 38 95
37 29 79
44 3 63
39 29 80
35 29 75
28 44 77
31 84 131
36 40 78
39 43 87
11 22 36
38 12 65
42 81 143
12 56 82
19 29 49
35 10 49
31 82 130
9 18 37
13 15 46
39 7 49
6 78 91
27 87 115
10 22 39
14 39 68
37 53 110
2 62 80
1 3 18
32 89 123
4 40 53
5 82 96
37 41 78
9 33 51
39 38 98
40 68 113
25 1 27
38 49 103
8 50 58
31 57 102
40 57 97
40 44 89
40 62 113
26 72 109
24 38 66
25 63 96
13 87 119
13 81 96
43 0 58
16 51 88
22 73 104
30 28 77
13 13 39
23 38 79
1 43 62
29 52 90
27 87 119
23 44 85
16 12 48
25 36 66
14 61 84
38 16 70
3 68 79
18 37 71
27 72 119
13 44 77
7 75 101
29 27 66
35 2 48
30 7 50
21 36 72
39 13 62
3 27 41
34 21 56
40 23 68
6 7 31
27 8 38
32 86 137
36 52 96
28 60 88
11 37 61
24 20 63
28 65 100
36 31 81
13 4 20
37 41 79
21 59 94
40 75 123
40 46 103
19 12 34
1 64 68
43 13 60
42 31 79
4 17 34
32 74 117
37 36 92
13 82 109
6 30 45
44 79 129
44 86 148
40 83 144
31 4 37
30 18 62
37 74 125
18 44 74
17 31 69
9 83 110
17 76 98
5 14 36
17 15 33
40 12 71
38 76 127
36 16 68
22 18 44
1 21 41
24 47 74
9 29 40
25 39 66
18 79 106
42 83 128
13 14 32
6 43 53
5 88 99
28 62 100
11 20 50
32 85 121
8 74 84
25 34 75
28 43 91
31 8 45
43 37 80
39 30 90
10 69 83
9 43 62
42 3 52
17 75 93
28 1 42
30 46 83
38 19 64
37 8 48
32 12 51
32 76 112
21 62 98
37 41 91
15 69 91
25 46 71
37 3 57
15 14 35
12 83 95
29 85 127
28 60 105
29 63 105
11 83 115
31 57 102
9 70 80
30 7 49
28 57 85
14 40 74
30 28 64
22 81 106
36 20 73
42 54 99
2 46 60
25 60 88
44 25 75
22 67 91
33 51 94
11 46 74
17 61 89
25 49 87
44 36 92
22 54 88
8 20 47
12 52 75
38 15 63
2 5 21
29 51 99
32 36 78
17 19 57
11 18 33
35 56 102
44 78 135
26 69 116
6 80 90
19 19 39
21 35 64
26 23 53
34 37 82
44 62 117
34 5 52
7 51 71
6 22 47
37 78 129
28 84 132
16 3 33
34 85 123
36 70 108
41 86 133
35 88 132
36 53 99
17 57 90
24 28 64
10 81 96
3 59 81
23 26 67
5 15 20
5 88 93
38 39 91
24 83 118
3 48 65
44 30 83
4 13 37
12 21 44
8 47 62
21 87 122
19 68 100
44 4 50
39 16 71
44 24 77
12 82 105
5 41 55
16 45 82
39 36 82
23 2 46
31 73 118
29 8 48
18 86 108
34 22 73
28 82 124
35 20 57
19 84 106
26 86 129
24 77 121
14 82 99
22 50 93
16 55 87
39 45 91
10 28 45
6 85 101
28 66 109
29 81 115
9 61 72
44 88 146
42 56 118
21 68 91
34 70 120
26 0 35
37 85 126
39 65 120
39 30 73
22 8 42
20 64 99
40 68 109
34 67 111
32 3 43
14 62 84
11 7 23
32 8 59
29 1 50
19 12 32
44 1 60
40 89 138
1 63 81
24 6 34
9 57 75
24 63 99
25 23 64
17 6 29
38 76 126
34 2 37
23 83 121
31 33 67
28 47 96
15 8 28
41 15 65
19 40 63
44 21 85
2 55 77
34 28 83
35 33 68
