200
2 4 13
2 2 9
3 3 7
5 2 14
2 0 7
3 1 13
6 4 15
6 6 16
8 1 12
8 7 16
5 0 5
8 3 11
2 4 16
7 1 17
6 1 14
2 8 13
7 7 23
2 2 11
8 1 18
4 7 16
5 0 13
4 2 10
8 0 12
5 9 21
7 5 22
5 1 13
4 9 18
6 7 18
5 12 18
2 8 14
6 2 8
1 6 13
3 5 9
3 13 20
3 9 15
5 6 15
6 9 24
6 9 25
6 14 29
5 5 20
7 8 21
1 13 18
7 13 27
5 9 16
8 13 22
2 8 18
8 14 30
5 9 16
7 16 29
5 12 23
8 13 22
5 11 21
1 11 18
6 17 31
7 15 32
4 10 17
3 9 14
8 19 37
8 17 33
7 9 16
2 15 18
5 17 23
3 20 28
3 16 23
6 14 25
3 20 31
8 11 27
5 14 24
8 21 34
5 19 25
7 13 23
6 20 26
4 14 18
4 23 32
6 18 31
7 13 24
6 16 27
6 19 28
8 18 30
2 19 28
2 17 23
5 22 35
5 19 28
2 20 24
1 20 23
8 17 28
1 23 27
2 22 33
8 22 32
5 24 31
1 24 35
1 22 23
1 23 26
2 23 34
2 28 34
2 21 29
4 21 31
6 28 42
2 19 25
7 26 37
8 20 33
6 26 37
2 20 30
2 24 32
3 30 36
8 25 37
8 22 30
8 31 49
3 25 35
8 22 37
6 23 39
4 25 29
1 23 33
7 33 48
4 33 43
2 32 40
8 30 46
5 27 34
8 33 43
3 31 36
5 27 33
6 25 41
2 33 35
6 25 34
6 28 35
4 31 45
7 34 42
4 35 44
7 29 44
4 27 32
8 33 47
5 33 48
7 37 47
6 36 42
3 28 40
2 29 41
8 31 46
6 38 52
5 32 41
2 29 41
6 39 47
7 33 44
7 38 45
3 32 40
5 37 50
6 40 47
6 39 55
7 32 46
4 38 49
8 37 55
2 32 40
2 42 53
3 33 38
8 33 44
1 42 43
5 36 45
2 41 50
7 39 52
8 37 55
6 39 53
6 40 48
1 35 44
5 40 46
2 45 48
3 37 42
2 36 45
8 38 54
1 41 43
3 46 58
2 42 50
4 40 53
1 46 48
4 46 52
6 48 54
4 41 55
6 47 57
8 43 55
2 46 55
7 49 60
2 49 51
1 42 45
2 48 58
1 45 47
8 45 58
4 48 61
4 42 53
7 46 57
5 47 59
6 44 51
2 46 52
7 46 58
3 49 61
6 43 58
8 51 67
6 44 59
8 51 61
6 45 51
3 44 57
6 54 67
2 50 60
