250
43 0 104
71 0 106
51 3 123
53 4 101
78 0 126
81 0 113
44 3 90
58 48 159
64 54 179
57 52 176
48 50 133
58 50 153
78 51 194
68 102 226
72 104 235
61 102 222
47 99 184
69 147 268
70 154 268
41 154 248
62 147 241
62 152 269
48 150 255
47 156 243
69 204 341
51 210 297
75 205 328
67 201 335
46 209 312
55 263 382
75 262 388
45 262 353
56 268 358
71 267 371
49 261 347
52 328 440
72 333 452
34 332 400
78 333 452
64 331 462
42 386 460
51 386 490
49 387 488
68 383 504
41 386 468
62 387 518
45 389 502
55 452 559
67 452 578
46 444 554
75 446 590
41 450 549
76 443 585
64 501 610
47 494 576
46 497 598
66 501 630
72 502 636
55 495 615
110 497 657
58 553 677
62 547 644
75 545 673
42 547 628
31 544 643
47 602 679
74 607 722
72 606 742
53 606 690
72 605 744
41 606 687
71 608 722
48 676 775
50 668 761
73 667 782
58 673 776
41 735 811
74 730 840
69 733 845
50 728 828
78 735 851
41 729 813
59 796 891
63 796 894
76 797 936
50 801 919
67 858 969
45 863 976
52 860 976
45 861 946
61 922 1023
41 915 1003
54 922 1015
59 917 1040
60 976 1087
77 970 1103
44 972 1066
67 972 1077
66 967 1088
55 1034 1153
42 1030 1117
51 1035 1149
63 1035 1167
60 1029 1128
44 1032 1126
57 1094 1205
72 1099 1239
77 1102 1239
56 1103 1208
53 1097 1183
64 1149 1266
51 1151 1242
53 1150 1259
77 1151 1284
41 1155 1251
41 1154 1247
170 1150 1380
45 1209 1299
68 1210 1331
70 1203 1336
55 1203 1296
54 1204 1314
75 1209 1321
42 1202 1292
60 1260 1372
60 1263 1374
77 1259 1383
74 1257 1368
46 1261 1366
125 1321 1496
55 1321 1419
53 1325 1424
75 1322 1454
51 1328 1415
72 1387 1499
66 1393 1513
62 1390 1499
60 1389 1518
46 1393 1493
43 1387 1477
52 1393 1493
53 1445 1550
41 1443 1546
45 1441 1549
51 1444 1552
42 1440 1542
45 1501 1583
52 1499 1601
68 1502 1601
60 1499 1625
72 1501 1604
50 1500 1597
45 1557 1662
60 1555 1668
77 1550 1675
54 1553 1653
71 1552 1654
59 1554 1644
56 1554 1660
65 1621 1728
28 1617 1675
77 1613 1758
54 1613 1722
44 1672 1754
62 1680 1789
73 1677 1795
60 1672 1789
105 1680 1824
46 1675 1772
64 1673 1775
57 1742 1853
57 1735 1847
46 1742 1838
56 1738 1857
47 1739 1837
113 1743 1915
68 1809 1942
76 1805 1945
60 1812 1929
55 1805 1903
63 1806 1932
69 1806 1913
75 1860 1979
75 1867 2000
76 1866 1983
63 1863 1977
52 1867 1968
45 1861 1945
43 1866 1943
69 1920 2036
49 1923 2025
40 1922 2012
57 1922 2009
48 1917 2027
77 1924 2064
79 1921 2067
41 1986 2088
42 1981 2092
78 1984 2102
59 1983 2100
41 1981 2082
68 1986 2106
109 1977 2151
79 2049 2160
46 2047 2162
50 2046 2142
77 2048 2166
76 2043 2169
49 2045 2157
62 2044 2164
24 2111 2170
70 2113 2230
51 2116 2216
51 2118 2223
49 2115 2225
51 2111 2212
42 2112 2222
59 2168 2260
61 2172 2277
70 2173 2284
53 2177 2263
50 2238 2322
42 2239 2336
44 2243 2341
47 2241 2318
51 2244 2359
135 2240 2409
46 2296 2405
74 2302 2413
52 2302 2421
67 2293 2396
71 2295 2396
59 2294 2394
56 2343 2435
40 2343 2425
59 2346 2445
69 2350 2449
68 2348 2460
65 2409 2540
51 2414 2530
48 2413 2511
73 2412 2544
68 2470 2584
95 2461 2617
77 2462 2605
72 2467 2569
20 2468 2545
59 2467 2593
49 2465 2559
72 2462 2564
