100
1 0 3
3 4 7
3 4 10
5 4 11
4 4 17
8 5 21
4 2 11
7 6 22
3 5 13
8 3 20
2 1 6
5 7 16
1 1 2
4 2 7
3 2 8
1 8 16
1 2 5
6 5 15
1 7 14
1 3 10
2 3 13
8 1 17
2 0 6
2 9 11
6 11 18
4 6 15
3 6 14
4 11 23
3 7 11
2 7 17
1 9 13
2 7 15
8 9 26
8 7 19
2 10 19
7 5 15
7 8 25
7 9 17
6 10 22
3 8 11
2 6 18
8 7 21
7 7 24
1 13 24
1 13 23
4 14 18
7 11 21
4 8 21
6 15 26
1 7 14
3 7 17
3 12 21
2 10 20
1 13 17
2 18 24
1 8 16
5 11 16
2 11 22
7 19 27
4 15 24
6 17 31
4 14 18
8 19 36
2 20 24
7 21 28
6 13 20
8 12 24
1 21 32
7 17 29
7 13 29
4 21 28
6 16 28
1 20 27
5 22 36
8 21 31
3 23 31
1 18 26
3 15 22
5 23 28
2 19 24
1 22 33
3 22 26
4 20 32
6 18 34
2 25 28
4 17 21
5 17 30
2 16 28
2 17 24
4 27 34
5 17 26
3 22 31
5 22 35
8 20 28
5 18 26
2 27 32
3 21 26
3 21 34
3 24 30
2 25 28
