100
10 81 97
14 107 122
6 21 34
19 159 186
6 115 131
7 140 152
3 9 21
4 180 187
4 144 158
8 96 105
10 70 88
20 131 155
11 112 132
19 38 66
13 86 101
18 169 195
6 179 187
1 150 156
8 16 26
16 59 76
14 140 160
5 92 102
2 140 152
7 85 99
19 95 119
20 79 109
1 20 24
18 2 30
8 28 36
10 156 174
1 114 125
17 78 96
6 116 128
15 109 124
11 104 116
20 4 34
15 20 41
20 42 70
10 113 126
16 89 111
3 197 204
4 17 29
2 161 170
15 81 97
18 63 82
12 146 161
1 92 93
6 194 203
17 19 43
4 56 65
7 24 40
11 80 92
20 49 69
2 192 204
15 30 52
9 164 174
7 133 140
14 9 24
6 79 85
5 69 75
13 72 93
4 64 77
7 85 96
2 125 136
12 25 42
13 137 151
4 102 114
20 87 108
7 169 177
12 149 163
14 5 28
11 63 80
15 195 218
18 78 103
15 143 168
1 6 10
20 94 116
18 47 68
5 12 20
9 158 173
16 85 110
13 158 175
15 182 207
2 191 199
14 37 56
5 155 165
3 31 34
6 162 170
1 161 164
1 180 185
1 139 148
9 75 85
12 150 164
15 86 111
14 37 56
14 175 196
7 18 26
17 69 89
15 186 210
18 56 82
