500
8 104 113
16 500 519
18 159 180
17 411 430
2 1057 1060
6 134 144
7 367 377
1 982 986
9 692 701
8 437 445
5 452 457
16 967 985
3 531 539
13 905 922
18 1131 1153
10 742 752
2 232 235
9 806 817
19 552 574
10 608 618
18 317 340
8 1138 1150
4 266 274
11 550 563
12 661 678
11 689 704
3 387 393
2 267 274
4 1177 1182
12 776 788
12 1056 1071
20 145 165
4 1232 1239
16 407 423
20 539 562
14 1100 1119
16 551 567
13 527 541
5 830 837
14 491 507
8 488 500
20 81 101
6 570 580
5 1203 1210
1 153 154
2 121 125
6 293 300
14 1122 1138
1 968 971
16 867 885
10 487 498
18 667 689
8 357 365
19 1159 1180
13 334 352
2 720 724
4 175 181
14 138 156
16 15 33
9 711 720
3 381 387
7 376 387
19 773 796
18 193 214
19 887 908
19 704 727
3 520 523
15 374 391
2 309 311
5 543 552
9 417 427
11 423 437
20 1036 1058
2 399 404
20 467 490
7 232 243
13 1165 1181
12 460 472
9 118 129
19 881 901
10 606 616
12 893 910
9 192 201
8 734 747
19 572 593
18 190 208
13 611 629
13 332 345
18 82 102
18 247 267
6 782 790
15 61 81
4 1101 1105
3 1155 1161
4 856 861
15 244 261
12 774 789
9 482 492
12 1147 1162
20 357 380
5 587 597
12 433 448
8 65 75
4 381 386
7 1216 1223
12 108 120
15 210 226
14 1235 1254
3 1195 1203
16 905 921
10 656 667
13 620 635
7 156 165
1 573 578
18 710 729
15 677 694
1 1062 1068
20 1029 1052
2 254 257
19 611 635
18 1203 1225
4 314 319
7 881 890
1 493 499
18 2 24
16 68 87
7 842 853
19 546 567
2 156 158
10 249 261
13 862 875
5 190 196
10 362 372
7 91 103
4 968 977
12 96 108
5 439 449
5 863 870
19 451 475
17 352 372
16 25 46
20 335 360
9 209 219
1 1027 1028
3 993 999
7 264 276
9 523 533
14 405 420
20 172 192
18 317 337
1 98 100
11 588 604
12 713 726
17 390 412
5 460 468
10 196 208
3 274 280
18 1079 1099
16 528 548
7 190 197
5 1086 1096
11 1106 1118
20 494 516
1 178 179
18 615 636
12 1153 1166
6 1083 1090
11 1249 1265
6 25 32
18 280 298
14 961 975
6 589 600
16 743 761
14 474 491
18 211 231
19 337 357
8 46 54
16 1245 1264
1 749 754
1 393 394
4 384 393
12 473 485
16 124 145
8 1204 1216
1 455 458
17 1065 1083
10 739 753
14 1062 1076
16 144 162
4 204 213
8 18 27
12 1089 1105
15 602 621
5 161 168
14 149 166
15 415 434
6 291 301
1 497 502
20 213 237
6 603 614
7 705 715
11 1166 1182
1 671 673
2 681 684
19 305 327
5 295 305
4 608 616
8 1198 1210
6 1004 1010
3 9 17
3 675 679
20 761 785
6 422 433
4 895 900
20 1070 1095
4 268 273
20 247 268
1 89 95
4 243 252
7 468 480
5 313 320
7 24 33
6 186 192
15 590 608
6 162 168
12 1130 1146
5 681 688
17 507 527
14 1036 1054
12 441 455
9 1245 1255
19 576 596
11 202 216
6 849 855
2 522 527
11 313 327
20 930 955
5 508 515
14 98 114
18 929 947
18 192 214
20 34 59
8 847 860
2 625 629
5 698 703
18 939 960
7 308 315
16 207 224
4 555 560
16 286 305
10 592 604
4 937 941
2 314 319
19 113 133
7 311 322
6 1192 1202
12 696 713
15 1109 1125
19 443 464
14 289 306
8 887 897
20 579 604
6 687 698
5 435 441
7 844 852
12 443 458
6 1042 1049
19 1038 1061
7 1075 1082
15 191 210
4 951 957
18 580 600
2 98 103
7 672 682
1 14 18
18 447 468
5 83 90
14 1022 1041
9 221 231
4 369 377
9 562 572
3 900 906
1 1085 1089
18 249 272
10 900 910
14 462 479
11 591 607
12 821 837
10 21 32
3 515 518
19 1013 1037
9 391 402
8 360 368
17 12 34
11 612 624
1 464 468
14 1161 1179
20 863 883
11 129 140
9 600 609
6 667 677
2 666 672
3 457 461
2 520 527
7 259 267
8 1036 1047
18 140 162
10 1144 1156
4 570 578
1 191 196
14 483 499
20 1113 1137
15 1233 1251
12 10 27
15 631 647
19 253 273
18 899 921
6 678 684
13 314 327
17 468 485
3 566 569
16 588 606
10 285 297
12 589 605
19 976 1000
19 35 55
19 1070 1093
8 1176 1187
6 830 839
9 90 104
11 320 331
13 111 128
7 621 631
19 518 537
3 375 382
5 247 256
12 983 998
1 1005 1009
7 462 474
17 215 237
1 467 470
6 1188 1196
17 1248 1266
9 81 92
13 243 259
15 65 85
11 329 344
9 356 367
9 84 95
11 190 205
17 7 29
11 42 55
11 937 951
9 1097 1107
2 700 704
6 993 1004
1 33 38
19 537 561
16 842 859
13 439 453
11 1160 1171
9 245 257
7 130 137
8 228 240
17 199 219
1 474 475
14 31 50
1 1067 1073
18 542 564
1 604 607
16 1088 1107
17 609 630
18 595 616
10 527 537
1 312 316
20 591 616
15 240 259
2 904 909
20 911 931
7 427 436
14 132 150
9 353 364
11 13 26
1 341 342
17 1133 1152
14 99 118
2 282 284
13 801 818
5 505 515
17 875 892
2 1243 1248
17 581 600
7 967 976
17 351 370
10 329 339
20 307 328
10 374 388
14 635 650
7 330 341
5 399 408
15 832 848
16 104 122
9 183 194
9 609 623
9 109 120
7 430 441
18 72 92
10 104 118
5 1248 1256
3 232 237
12 959 972
3 172 178
7 231 240
8 374 382
10 435 445
8 163 174
8 126 134
20 381 402
17 689 710
20 981 1001
5 815 820
2 1208 1214
10 139 150
12 1184 1196
16 53 72
5 1057 1066
17 275 295
3 1235 1238
9 801 812
17 117 139
15 1167 1184
5 1136 1145
10 217 227
20 1165 1186
8 429 439
3 575 578
19 150 174
17 348 366
3 594 597
1 365 369
3 1129 1135
8 395 403
8 557 565
12 394 407
9 599 608
1 15 21
1 120 126
10 153 166
2 687 692
5 805 810
13 436 451
3 0 5
14 119 133
12 904 916
3 330 333
6 623 630
1 382 383
5 662 672
5 1116 1121
19 620 643
6 150 159
7 1149 1160
4 506 514
16 199 219
13 1053 1071
12 1096 1109
14 476 494
12 845 860
12 475 490
7 1219 1231
4 185 194
13 357 372
7 593 602
4 11 20
3 1011 1018
13 396 414
19 113 132
4 1030 1039
15 442 459
5 128 138
19 436 457
2 632 636
20 1205 1230
16 643 659
13 3 20
12 168 185
11 214 227
1 949 954
6 1006 1012
7 1054 1063
14 454 473
17 857 878
14 421 438
4 125 132
15 620 638
11 519 531
3 357 365
17 897 916
9 672 686
11 30 41
