400
1 14 15
13 14 27
10 26 36
7 34 41
16 35 51
3 44 47
5 44 49
4 48 52
18 49 67
10 59 69
7 60 67
18 62 80
10 66 76
18 72 90
12 89 101
4 95 99
14 97 111
19 97 116
18 112 130
16 119 135
19 130 149
3 136 139
8 137 145
3 144 147
5 144 149
9 147 156
16 147 163
8 150 158
8 156 164
8 161 169
1 164 165
8 164 172
19 165 184
13 168 181
4 174 178
17 175 192
12 175 187
8 179 187
16 185 201
4 186 190
7 187 194
1 190 191
18 190 208
14 195 209
1 203 204
7 203 210
18 206 224
6 208 214
7 213 220
12 217 229
16 226 242
5 236 241
5 237 242
14 240 254
4 247 251
4 248 252
8 249 257
4 251 255
16 253 269
16 261 277
17 273 290
8 285 293
8 289 297
4 293 297
4 295 299
14 296 310
18 309 327
2 317 319
10 318 328
14 325 339
18 334 352
5 347 352
14 349 363
8 356 364
16 363 379
6 377 383
17 380 397
6 389 395
16 390 406
10 390 400
8 399 407
11 401 412
12 407 419
1 413 414
15 413 428
1 415 416
18 415 433
8 430 438
19 433 452
19 436 455
7 453 460
7 456 463
16 458 474
15 471 486
17 478 495
3 481 484
5 481 486
9 482 491
15 486 501
18 500 518
3 504 507
15 505 520
5 511 516
17 515 532
8 522 530
5 523 528
3 524 527
19 526 545
4 528 532
3 529 532
8 531 539
2 537 539
12 538 550
14 546 560
3 554 557
3 555 558
12 556 568
6 556 562
1 559 560
13 559 572
15 566 581
1 566 567
12 566 578
19 568 587
10 578 588
5 587 592
14 589 603
12 592 604
8 600 608
7 605 612
14 605 619
14 605 619
1 607 608
7 607 614
14 613 627
17 620 637
4 623 627
18 623 641
19 630 649
13 638 651
15 638 653
6 640 646
12 643 655
5 645 650
3 649 652
2 650 652
5 651 656
18 655 673
2 665 667
13 665 678
1 672 673
7 672 679
5 674 679
14 676 690
7 685 692
7 688 695
10 692 702
5 700 705
17 700 717
10 710 720
7 710 717
16 711 727
19 724 743
6 742 748
5 745 750
5 746 751
11 746 757
8 750 758
10 756 766
14 759 773
6 768 774
8 769 777
9 772 781
7 775 782
15 781 796
16 784 800
2 785 787
2 785 787
10 785 795
1 786 787
11 786 797
7 789 796
9 795 804
14 802 816
11 809 820
9 813 822
5 814 819
11 817 828
18 823 841
11 831 842
18 841 859
16 849 865
13 854 867
1 864 865
7 864 871
7 868 875
7 874 881
6 879 885
2 881 883
19 882 901
8 888 896
16 891 907
17 892 909
19 905 924
5 910 915
19 910 929
3 913 916
12 913 925
10 923 933
12 931 943
12 936 948
7 942 949
13 944 957
10 953 963
4 956 960
10 957 967
3 963 966
4 963 967
17 965 982
8 981 989
11 982 993
19 989 1008
2 996 998
3 996 999
10 998 1008
1 1007 1008
18 1007 1025
7 1024 1031
15 1028 1043
13 1039 1052
7 1049 1056
12 1051 1063
16 1061 1077
14 1072 1086
14 1074 1088
17 1082 1099
12 1095 1107
12 1098 1110
1 1104 1105
15 1104 1119
2 1118 1120
19 1118 1137
3 1121 1124
3 1121 1124
6 1122 1128
8 1127 1135
4 1133 1137
10 1136 1146
3 1145 1148
11 1146 1157
18 1156 1174
11 1165 1176
4 1170 1174
19 1170 1189
3 1176 1179
14 1176 1190
8 1188 1196
10 1190 1200
19 1195 1214
9 1198 1207
10 1198 1208
14 1203 1217
4 1208 1212
4 1208 1212
15 1209 1224
10 1210 1220
14 1210 1224
6 1219 1225
4 1224 1228
5 1225 1230
4 1228 1232
18 1229 1247
4 1240 1244
14 7 21
5 19 24
9 21 30
3 24 27
16 24 40
6 37 43
17 40 57
5 51 56
8 51 59
13 54 67
18 55 73
12 64 76
14 75 89
5 81 86
11 85 96
15 93 108
1 95 96
13 95 108
17 100 117
16 110 126
4 114 118
3 115 118
2 116 118
10 116 126
13 119 132
16 129 145
9 135 144
7 136 143
2 142 144
15 142 157
13 148 161
9 149 158
17 155 172
3 164 167
4 165 169
19 167 186
12 180 192
10 182 192
13 191 204
16 193 209
14 207 221
18 216 234
9 226 235
6 231 237
13 234 247
17 237 254
15 247 262
18 256 274
16 263 279
5 269 274
4 272 276
7 275 282
18 280 298
2 284 286
16 285 301
3 288 291
5 288 293
6 288 294
7 293 300
1 293 294
5 293 298
8 294 302
11 294 305
16 300 316
2 301 303
19 301 320
6 301 307
8 305 313
6 307 313
9 9 18
12 15 27
3 19 22
19 19 38
5 20 25
12 20 32
4 28 32
19 31 50
14 38 52
5 48 53
5 51 56
8 55 63
15 61 76
13 61 74
9 65 74
8 72 80
12 72 84
2 79 81
18 80 98
15 92 107
8 92 100
6 99 105
9 104 113
8 109 117
11 114 125
3 114 117
3 116 119
6 118 124
9 118 127
1 118 119
12 118 130
9 125 134
1 129 130
12 129 141
2 129 131
16 129 145
18 140 158
12 155 167
8 164 172
9 170 179
5 172 177
3 175 178
18 175 193
12 179 191
11 180 191
2 185 187
11 186 197
16 187 203
13 189 202
3 8 11
6 8 14
3 9 12
7 10 17
16 12 28
14 17 31
4 20 24
7 21 28
16 21 37
