400
7 2 11
8 18 26
17 6 41
3 24 39
20 5 38
6 32 40
31 50 96
2 66 85
17 69 98
38 46 91
13 66 89
17 11 44
12 43 64
30 66 96
12 16 40
36 5 51
15 41 73
14 72 91
34 32 70
19 52 85
2 59 72
33 47 91
11 71 86
31 36 85
35 58 94
12 8 24
38 8 57
8 66 80
24 67 103
18 17 40
18 36 59
34 36 88
2 9 14
28 57 99
10 35 48
28 50 79
10 48 68
26 53 96
13 11 30
5 46 58
20 60 98
2 56 62
36 9 50
27 47 76
36 24 74
18 49 75
17 22 44
19 39 61
5 68 88
31 64 101
25 56 85
20 14 34
3 64 77
33 46 85
21 34 64
11 44 65
25 33 77
13 47 74
22 53 87
35 25 61
32 65 110
15 19 45
22 34 69
39 23 68
35 53 101
20 66 99
39 23 69
18 51 76
11 17 33
31 22 57
13 50 76
34 17 56
5 24 36
2 15 17
19 0 35
20 40 71
33 53 97
23 1 39
24 44 85
33 42 81
2 49 70
22 77 106
1 49 63
21 41 69
39 48 100
14 33 57
12 49 75
35 53 96
36 60 112
37 41 87
35 18 56
37 55 106
25 42 83
12 59 80
28 6 36
15 12 28
35 25 67
14 18 46
1 3 20
32 35 69
2 63 72
5 13 32
25 44 83
34 8 57
19 39 68
2 50 69
10 30 57
12 4 26
37 69 122
22 3 32
6 16 33
26 6 35
19 41 76
12 35 64
9 74 101
6 61 69
23 2 33
8 51 70
38 78 127
7 57 66
26 25 51
12 5 23
1 15 20
30 23 53
5 51 61
8 3 12
4 45 56
31 56 99
17 48 77
11 19 37
31 40 90
32 43 84
3 50 62
22 47 74
15 3 30
18 30 49
31 18 54
2 10 22
18 53 85
37 62 108
2 75 77
1 5 13
20 11 31
28 66 104
1 33 53
10 65 88
7 79 91
26 6 44
20 25 59
37 66 105
15 31 57
15 74 89
6 60 80
7 55 69
14 77 91
16 69 85
18 20 48
38 50 106
5 7 16
31 5 40
23 45 69
18 41 66
20 10 47
31 9 55
8 70 90
27 25 53
33 70 116
16 17 49
25 39 72
17 8 25
1 0 10
23 45 78
12 67 91
20 56 82
34 14 58
11 70 83
35 41 78
24 54 88
16 36 67
37 13 61
36 7 56
19 19 39
32 22 57
23 1 31
36 53 102
17 15 32
15 32 54
19 77 100
30 67 113
28 8 37
17 39 61
15 9 41
33 73 121
26 70 105
2 75 90
18 21 58
12 40 61
8 20 39
29 26 56
26 11 56
27 18 64
4 36 47
5 55 61
8 73 100
39 22 63
8 12 39
17 0 17
18 7 40
36 30 73
17 63 88
4 19 41
37 36 85
5 44 51
20 7 40
31 35 72
36 79 118
16 34 56
26 75 119
10 0 18
20 37 72
7 29 37
21 68 95
38 54 104
19 28 57
30 29 59
25 17 53
31 21 67
15 46 68
2 19 23
19 66 95
27 64 104
32 29 62
20 21 55
4 78 84
39 34 84
3 48 56
6 48 63
16 45 69
13 58 78
26 25 65
35 64 116
33 10 58
32 70 111
29 4 40
3 17 34
2 66 85
21 78 112
27 34 61
10 20 43
20 42 72
2 26 36
16 76 105
24 5 29
36 66 119
17 76 110
4 59 68
28 71 99
22 76 112
10 38 59
9 48 59
7 56 71
27 74 103
2 70 80
29 69 100
29 3 48
35 10 45
4 23 46
15 22 50
21 25 53
5 8 27
9 69 83
26 5 43
37 14 61
20 6 27
14 73 99
23 18 42
24 65 91
18 8 27
20 18 40
12 52 68
34 10 57
18 8 42
1 64 69
27 8 44
26 31 73
21 66 101
14 7 21
31 73 122
25 9 49
21 22 55
10 78 94
36 29 70
19 17 45
38 51 93
17 35 59
9 74 93
24 39 72
24 35 61
35 26 61
37 7 57
22 52 88
1 52 69
30 5 37
18 37 57
22 51 84
30 62 106
27 0 39
7 61 80
30 54 88
3 66 74
21 42 71
24 79 110
13 40 56
17 59 86
11 78 104
20 40 62
10 52 62
19 38 63
7 68 82
22 28 62
18 35 55
12 53 82
1 29 34
33 51 96
6 79 104
23 58 90
26 12 53
16 9 36
38 28 83
17 28 50
24 7 33
22 45 78
21 72 112
38 28 71
36 46 84
36 15 60
14 7 28
8 43 53
36 47 92
7 78 103
32 0 38
37 2 40
29 74 111
20 28 55
26 70 97
25 76 119
11 7 26
15 67 101
31 1 38
5 63 70
18 70 91
39 30 73
8 14 23
26 57 102
36 66 111
7 60 68
7 1 27
9 28 40
18 3 36
36 11 59
39 67 107
11 47 72
20 11 40
26 30 56
16 25 46
16 19 44
8 25 49
29 17 54
11 9 22
3 27 37
26 37 73
39 68 118
13 44 58
38 15 63
7 36 50
17 49 67
27 75 110
33 28 80
21 29 58
8 60 72
36 11 64
7 59 82
1 58 75
15 19 35
13 21 36
27 74 103
14 5 28
7 1 11
2 4 12
29 47 79
29 16 59
33 29 65
2 5 21
6 26 47
32 71 104
14 44 75
26 69 100
29 17 63
15 56 80
9 42 51
