150
83 11 103 
34 8 47 
53 20 79 
149 17 170 
139 13 158 
134 10 149 
41 17 60 
22 13 45 
141 5 153 
88 13 107 
15 15 31 
35 5 44 
47 18 72 
24 9 44 
124 10 135 
51 5 65 
114 19 139 
109 14 133 
98 14 115 
48 14 66 
121 15 139 
89 9 107 
128 8 144 
20 13 40 
132 15 154 
125 11 140 
79 6 88 
41 6 57 
17 13 32 
6 15 30 
2 9 18 
142 11 157 
107 13 126 
91 9 110 
120 12 140 
115 9 126 
58 5 72 
118 2 131 
39 3 45 
113 4 120 
34 22 61 
102 10 120 
6 13 30 
42 10 62 
78 14 94 
24 6 36 
72 9 90 
110 8 127 
10 8 19 
20 10 31 
145 9 161 
44 17 71 
1 6 15 
99 3 110 
130 12 151 
25 18 52 
107 18 136 
40 13 55 
66 1 72 
14 10 32 
84 6 94 
3 5 11 
136 17 164 
82 7 94 
137 11 148 
1 19 31 
71 11 82 
35 19 60 
110 12 133 
82 12 100 
145 18 171 
59 13 78 
124 17 148 
50 13 73 
105 10 121 
112 5 118 
87 9 97 
18 15 35 
123 5 130 
105 11 126 
60 10 80 
134 1 142 
18 15 43 
57 9 74 
44 7 53 
68 9 77 
127 1 131 
117 4 129 
41 16 66 
108 10 124 
35 13 49 
52 5 63 
26 14 41 
51 14 69 
1 1 9 
57 19 78 
51 9 67 
30 18 51 
28 5 39 
110 13 132 
83 1 89 
10 13 33 
99 16 123 
56 19 77 
89 18 113 
44 10 57 
119 1 125 
83 4 97 
57 12 80 
103 14 123 
120 13 133 
26 12 43 
31 12 52 
136 16 159 
57 14 72 
136 14 150 
23 8 40 
64 8 81 
102 7 119 
100 9 111 
120 18 138 
78 4 91 
118 18 143 
135 15 155 
17 12 39 
55 13 77 
71 13 95 
25 9 43 
58 14 80 
43 3 46 
74 12 93 
48 14 69 
126 12 147 
88 15 113 
108 9 119 
46 5 53 
70 6 84 
61 12 83 
1 20 28 
3 11 24 
17 7 29 
36 1 47 
66 14 87 
135 13 149 
130 17 153 
61 8 69 
52 13 69 
79 14 96 
6 14 21 
45 7 57
