150
16 6 22
12 15 27
3 17 20
5 17 22
11 19 30
16 29 45
8 42 50
6 49 55
14 53 67
7 65 72
5 71 76
8 74 82
1 81 82
4 81 85
4 81 85
17 83 100
3 86 89
4 86 90
1 89 90
11 89 100
8 97 105
10 103 113
14 103 117
19 116 135
16 134 150
14 140 154
17 145 162
18 145 163
3 155 158
17 157 174
4 166 170
11 168 179
19 170 189
5 179 184
12 179 191
8 185 193
7 187 194
3 191 194
18 192 210
6 197 203
9 197 206
5 201 206
6 202 208
1 202 203
13 202 215
18 202 220
12 218 230
2 225 227
6 226 232
16 229 245
3 232 235
17 233 250
8 235 243
18 239 257
4 247 251
18 250 268
7 266 273
5 270 275
17 270 287
14 274 288
7 284 291
2 286 288
12 286 298
10 286 296
11 291 302
10 291 301
10 299 309
14 300 314
12 310 322
3 320 323
12 321 333
14 14 28
9 22 31
3 28 31
10 29 39
5 34 39
12 38 50
14 40 54
16 42 58
6 54 60
8 56 64
15 61 76
8 74 82
13 81 94
11 84 95
6 89 95
15 89 104
6 90 96
19 90 109
10 96 106
11 98 109
16 105 121
18 109 127
3 112 115
14 112 126
12 118 130
8 120 128
9 123 132
19 125 144
17 133 150
16 148 164
6 151 157
5 151 156
9 152 161
17 154 171
17 158 175
5 168 173
7 170 177
9 175 184
14 181 195
2 190 192
11 190 201
18 196 214
15 211 226
8 218 226
4 222 226
18 223 241
11 231 242
7 241 248
8 242 250
6 245 251
3 245 248
10 245 255
15 252 267
11 264 275
14 272 286
19 282 301
14 282 296
11 292 303
19 299 318
9 308 317
16 308 324
3 315 318
7 316 323
12 322 334
12 325 337
8 325 333
12 326 338
17 337 354
13 346 359
2 347 349
18 348 366
2 362 364
7 363 370
11 367 378
18 7 25
18 14 32
2 26 28
9 27 36
8 9 17
