200
54 4 140
31 0 83
59 38 171
51 34 163
33 32 128
46 35 105
44 92 179
30 94 163
40 127 185
43 130 189
49 129 203
52 123 244
32 121 217
48 158 299
30 160 209
57 151 320
35 186 293
132 193 386
35 193 265
58 194 280
84 188 414
58 185 292
39 263 379
59 259 374
41 311 412
36 311 396
40 311 418
126 342 697
52 350 443
34 348 396
39 402 490
36 393 454
39 399 478
52 430 514
33 422 515
32 423 490
50 426 536
46 432 531
41 425 495
59 463 597
32 458 535
51 461 558
57 512 675
45 516 646
48 514 607
35 560 628
98 556 705
42 562 658
40 559 626
126 597 902
129 603 858
40 598 664
30 694 770
49 703 776
138 704 1084
37 699 801
50 697 793
30 775 841
43 775 867
135 772 1025
35 765 870
135 766 998
32 842 934
52 844 936
32 834 889
45 835 968
50 838 978
144 838 1140
80 903 1106
49 895 996
36 899 973
41 899 959
52 896 976
42 948 1025
51 951 1093
47 998 1076
49 996 1104
51 1047 1151
138 1047 1375
57 1042 1215
38 1047 1120
82 1050 1273
40 1110 1233
32 1113 1209
32 1118 1202
58 1117 1200
30 1146 1207
37 1154 1246
44 1148 1246
35 1153 1220
31 1154 1199
47 1183 1274
42 1185 1289
43 1183 1274
98 1183 1425
34 1231 1331
44 1225 1303
34 1228 1314
44 1229 1325
38 1265 1334
135 1265 1478
92 1266 1501
43 1344 1433
52 1345 1495
53 1342 1476
90 1339 1582
138 1345 1753
46 1335 1477
58 1384 1527
55 1394 1547
38 1392 1448
36 1385 1449
48 1433 1548
50 1434 1533
40 1485 1558
57 1491 1628
30 1482 1546
147 1484 1750
38 1491 1588
135 1561 1758
34 1560 1651
138 1560 1887
30 1561 1634
55 1556 1666
33 1561 1608
39 1642 1708
135 1637 1948
44 1709 1775
52 1711 1839
35 1709 1789
82 1706 1922
45 1707 1803
50 1709 1794
49 1753 1870
138 1755 2042
33 1749 1828
57 1752 1861
52 1755 1831
37 1758 1864
141 1809 2073
40 1810 1890
39 1809 1872
40 1890 1960
34 1888 1952
141 1888 2184
41 1888 1961
48 1969 2038
38 1971 2072
31 1962 2052
41 1972 2048
50 1968 2051
40 1966 2062
52 1997 2088
55 1995 2160
56 2001 2157
51 1994 2117
33 1993 2084
54 2001 2113
55 2034 2116
47 2037 2128
58 2032 2138
34 2036 2105
55 2080 2211
55 2073 2239
34 2073 2169
36 2076 2149
135 2070 2479
49 2126 2232
48 2123 2245
56 2123 2214
31 2130 2193
52 2122 2255
49 2174 2251
30 2176 2262
56 2225 2329
40 2228 2335
56 2220 2379
35 2227 2314
123 2260 2496
54 2259 2371
30 2363 2447
36 2361 2450
40 2387 2492
33 2381 2436
55 2383 2466
39 2386 2469
58 2388 2529
49 2380 2501
53 2421 2531
54 2424 2516
39 2422 2491
38 2422 2508
50 2424 2530
46 2431 2512
54 2476 2609
57 2485 2605
55 2485 2595
36 2477 2573
44 2513 2596
42 2513 2613
