150
69 68 151
75 19 105
37 37 84
44 63 118
78 5 91
88 55 148
142 14 169
45 19 67
17 71 90
40 51 99
91 53 155
27 7 35
141 19 174
138 42 194
37 44 93
127 51 185
148 59 208
34 53 96
49 19 74
77 7 88
25 41 76
45 68 124
119 54 184
7 50 58
6 4 22
17 65 90
77 70 158
31 13 55
11 48 62
89 37 128
146 40 195
108 64 184
58 1 68
67 60 136
43 35 91
143 64 210
105 32 149
36 37 80
38 30 78
134 33 173
29 21 58
140 19 161
59 24 94
43 52 101
61 7 78
57 34 105
131 35 171
114 37 151
98 65 166
116 39 156
76 47 130
13 5 26
26 64 102
123 39 176
71 33 113
43 11 66
33 42 89
5 59 77
72 29 101
74 34 109
30 45 83
28 50 85
106 44 161
62 66 135
138 43 188
99 39 148
84 50 143
64 64 133
41 62 114
127 20 159
113 47 169
112 71 192
146 63 220
82 11 96
68 26 106
82 67 159
82 33 125
101 31 145
140 52 197
132 17 163
76 9 86
43 34 77
57 49 120
53 25 81
115 16 138
85 0 96
79 14 107
89 27 123
106 14 128
21 11 34
102 49 162
149 14 177
2 57 65
53 9 70
83 27 110
93 21 115
111 41 159
30 69 108
59 9 70
106 73 186
62 33 97
31 38 76
15 48 67
86 47 136
14 56 80
119 35 155
131 54 199
148 8 163
36 57 95
115 70 193
141 55 203
30 48 86
114 69 189
2 43 46
139 23 168
76 52 142
13 26 44
117 32 154
63 71 143
118 65 193
132 50 189
88 63 155
72 16 97
24 68 93
138 9 159
100 10 114
103 50 165
59 36 96
114 17 133
103 69 177
111 37 156
46 27 87
70 40 116
8 19 35
2 20 24
149 52 203
45 49 95
45 51 102
117 73 193
46 14 69
3 73 76
141 61 213
50 71 134
25 21 57
105 58 176
92 24 125
139 2 146
26 47 84
39 22 68
39 26 66
