150
23 844 892
77 595 780
70 43 186
27 2116 2180
2 2827 2830
92 1688 1790
104 1905 2105
45 693 746
52 2578 2677
126 2252 2533
15 2558 2574
47 1476 1562
110 2313 2472
88 1902 2003
105 1792 1997
61 2626 2737
7 12 21
36 1501 1548
64 0 151
81 720 846
39 2885 2963
26 32 71
49 1245 1319
66 273 378
69 546 675
75 2035 2198
70 1472 1617
131 1336 1629
69 691 793
44 1194 1283
128 1320 1477
111 2661 2831
92 80 299
118 1071 1256
64 163 268
43 699 789
95 2609 2838
96 829 1063
44 2844 2916
49 2471 2532
55 1485 1555
14 2598 2615
71 1168 1329
127 1227 1381
56 2035 2125
120 2745 2882
31 2452 2500
40 2998 3080
123 2981 3191
84 2269 2455
64 1846 1928
59 1980 2095
131 1610 1907
94 1590 1782
106 2544 2676
9 1344 1365
106 1698 1911
53 487 594
17 2068 2096
126 706 973
13 1468 1489
14 2425 2446
121 1181 1478
47 154 227
117 1544 1776
97 1141 1253
130 1497 1766
108 294 507
70 2716 2799
103 2001 2128
101 639 867
111 2735 2977
40 602 654
128 2196 2377
35 1419 1483
7 381 398
39 1201 1276
126 2082 2387
24 2705 2758
67 2451 2524
1 174 175
3 1019 1022
102 1292 1449
38 526 594
20 1402 1439
99 1763 1934
40 2893 2974
39 345 388
74 1377 1522
31 1260 1298
95 569 724
76 552 699
74 1479 1577
123 186 318
52 1822 1915
69 398 563
20 1577 1604
83 261 387
130 1727 1951
8 2748 2757
122 472 705
13 515 542
92 631 852
91 1760 1895
79 770 899
26 1717 1762
17 1714 1732
35 2843 2898
96 2773 2951
62 904 981
85 1242 1355
44 2649 2739
46 2849 2911
124 876 1167
12 53 67
88 2512 2636
122 1310 1518
5 2493 2502
100 1651 1865
120 2479 2601
21 2478 2511
25 708 764
119 409 584
46 2570 2617
80 2271 2372
93 521 713
93 2356 2450
123 2363 2574
41 866 959
125 161 472
131 633 810
119 206 465
2 700 702
63 2877 3005
92 2423 2641
102 1925 2027
9 520 532
122 2327 2611
95 1627 1728
121 2723 2901
46 1297 1374
69 986 1079
10 2480 2492
48 1693 1798
36 988 1056
117 2277 2497
103 339 509
103 2376 2614
41 1149 1245
125 1140 1379
