400
99 30 140 
341 19 372 
78 12 105 
238 22 276 
26 15 47 
75 14 100 
106 23 146 
335 15 352 
231 20 252 
316 1 331 
150 15 182 
247 20 277 
330 23 359 
217 28 264 
18 20 56 
157 19 190 
377 15 405 
263 17 290 
362 19 393 
287 13 306 
376 31 425 
299 6 308 
193 19 212 
235 25 266 
75 14 107 
305 14 331 
171 32 218 
5 35 47 
274 23 302 
373 9 397 
3 17 27 
203 10 213 
366 19 390 
322 28 364 
87 23 129 
60 18 82 
135 12 148 
244 17 269 
208 22 239 
333 19 352 
177 12 191 
147 19 177 
200 23 242 
367 20 390 
80 21 119 
38 17 60 
381 23 408 
260 10 275 
195 21 234 
33 21 72 
12 33 52 
30 19 60 
24 19 44 
350 21 385 
81 25 121 
247 24 284 
286 22 322 
360 16 390 
250 20 289 
123 14 149 
342 8 368 
268 11 294 
397 22 422 
216 15 237 
250 16 266 
88 22 128 
38 21 76 
233 31 264 
22 16 56 
38 22 71 
155 26 197 
66 19 90 
224 12 255 
99 6 110 
40 19 76 
55 13 85 
296 15 313 
261 32 310 
62 17 84 
303 17 331 
176 19 196 
378 24 407 
133 13 156 
164 28 206 
58 18 89 
241 27 271 
128 16 160 
133 25 168 
117 21 146 
268 16 297 
213 18 231 
156 28 198 
227 32 271 
398 11 412 
201 20 223 
395 17 422 
162 22 190 
293 14 320 
242 29 282 
206 10 224 
162 20 187 
169 20 192 
96 14 122 
104 20 135 
121 20 149 
36 13 68 
252 11 271 
197 15 226 
60 16 91 
268 20 292 
95 24 128 
130 30 168 
365 16 397 
11 20 35 
195 19 229 
221 7 232 
14 16 41 
174 31 220 
128 23 163 
378 29 426 
273 23 296 
266 20 303 
21 21 51 
111 13 135 
330 18 359 
217 22 242 
90 22 113 
310 13 341 
133 25 170 
380 13 404 
132 22 158 
6 24 37 
244 19 268 
55 18 78 
68 23 100 
136 25 170 
255 17 286 
42 12 55 
366 20 391 
195 19 216 
183 16 218 
297 16 321 
106 12 122 
368 18 399 
138 20 176 
241 10 266 
45 14 63 
174 23 211 
305 20 330 
82 15 113 
251 26 290 
361 21 400 
343 17 366 
332 24 373 
352 11 378 
376 21 406 
92 13 116 
78 13 103 
363 18 381 
123 12 144 
311 26 354 
234 31 272 
278 18 309 
207 25 248 
262 23 304 
188 16 212 
329 11 351 
264 24 291 
216 27 248 
52 21 92 
96 21 127 
376 12 406 
379 33 413 
112 19 131 
24 10 45 
209 22 231 
71 23 96 
123 27 155 
390 31 423 
367 27 412 
273 24 302 
48 19 72 
333 13 355 
148 13 165 
249 2 263 
150 16 182 
177 22 217 
303 23 338 
54 25 90 
394 17 417 
20 9 33 
37 18 63 
176 19 200 
332 24 375 
158 30 201 
314 15 341 
210 10 231 
93 19 125 
239 15 261 
201 20 237 
80 18 104 
129 30 169 
201 18 233 
132 14 146 
391 14 418 
184 30 230 
230 10 246 
150 22 186 
236 17 253 
37 30 83 
139 17 158 
151 22 181 
268 17 301 
392 11 410 
84 10 103 
65 15 88 
368 22 406 
216 16 234 
50 35 102 
122 19 149 
15 22 51 
94 14 123 
162 16 192 
275 13 301 
20 30 66 
59 19 84 
279 26 317 
265 13 288 
3 22 34 
61 14 83 
21 22 55 
305 10 324 
335 12 362 
339 20 371 
205 10 217 
253 16 282 
143 20 179 
364 9 388 
394 23 431 
39 24 76 
100 26 138 
365 10 378 
13 23 42 
166 12 192 
64 33 109 
279 26 320 
233 21 261 
396 23 430 
4 37 45 
245 23 277 
11 17 44 
170 15 195 
160 25 194 
358 12 380 
278 18 303 
299 33 351 
64 16 81 
284 25 316 
248 30 280 
143 28 184 
259 25 301 
119 24 157 
395 11 409 
209 30 239 
216 23 249 
170 16 191 
264 17 291 
77 21 114 
54 16 71 
96 14 118 
220 22 260 
144 14 169 
196 19 231 
87 23 127 
389 10 413 
346 15 375 
204 13 219 
361 14 389 
153 17 178 
209 26 252 
29 16 50 
130 13 158 
22 22 46 
324 28 362 
145 29 193 
130 5 148 
353 19 381 
285 36 326 
94 22 130 
65 25 93 
312 22 345 
297 15 316 
300 23 337 
17 25 54 
204 11 220 
390 18 411 
313 12 340 
279 18 304 
305 32 353 
188 10 210 
306 20 329 
254 23 281 
225 17 253 
143 18 176 
274 17 297 
38 16 64 
319 16 344 
182 32 223 
60 19 97 
224 14 244 
125 28 163 
287 10 299 
255 13 272 
189 20 227 
155 24 188 
232 24 269 
62 30 107 
397 22 426 
193 20 218 
197 14 216 
25 13 49 
218 18 240 
227 26 258 
295 22 324 
268 26 304 
36 6 50 
325 16 345 
319 23 345 
227 21 249 
312 28 359 
226 19 249 
375 18 397 
141 23 170 
216 20 245 
210 22 245 
298 14 320 
58 21 82 
266 17 298 
304 27 346 
116 20 144 
64 27 95 
225 15 252 
389 17 422 
359 20 396 
366 17 392 
204 12 230 
223 16 245 
179 18 214 
88 23 121 
252 19 273 
192 22 215 
236 15 251 
94 13 118 
315 15 330 
136 18 172 
62 22 87 
293 22 320 
378 16 411 
333 25 360 
155 31 198 
144 23 174 
180 15 208 
297 16 324 
294 19 331 
184 13 214 
136 24 160 
93 22 125 
97 17 123 
37 21 77 
354 20 380 
345 20 370 
35 15 50 
33 21 61 
266 14 296 
136 17 164 
267 19 305 
65 16 93 
30 24 63 
325 9 348 
205 11 216 
318 19 354 
152 21 181 
241 25 273 
107 20 137 
373 7 383 
99 13 119 
385 4 398 
8 27 54 
43 10 71 
46 16 81 
176 19 199 
14 24 47 
183 22 219 
312 10 335 
133 12 160 
394 11 406 
379 28 411 
193 22 225 
289 21 325 
364 25 395
