100
52 0 115
41 0 87
67 1 108
65 0 127
54 0 92
55 0 105
76 57 170
40 53 152
49 55 159
48 55 133
69 58 176
66 127 236
52 119 215
55 126 232
65 120 239
76 120 243
68 171 269
55 176 291
40 175 262
60 175 292
56 169 275
71 170 301
70 177 314
53 228 320
40 231 318
139 231 426
73 236 377
61 236 329
61 237 350
32 235 330
79 296 444
46 292 392
78 287 416
44 288 400
45 345 422
57 348 462
72 346 451
59 342 463
66 346 476
71 342 480
43 346 458
61 400 499
52 398 514
170 396 611
41 400 496
40 403 486
63 461 576
52 459 570
52 468 565
46 459 545
62 461 577
71 463 579
58 519 645
44 511 624
65 517 642
61 513 613
22 512 564
60 518 640
35 518 602
46 566 658
78 570 687
41 568 658
57 570 671
47 566 681
43 626 717
50 619 729
47 626 741
82 621 750
57 679 776
65 671 784
62 671 795
44 672 756
109 732 905
52 730 847
50 730 838
59 736 844
77 735 878
63 803 931
56 798 884
66 803 902
49 798 900
152 802 994
70 796 904
56 798 909
43 856 967
52 857 959
43 851 950
87 855 980
46 851 959
61 851 975
79 907 1031
43 911 1006
42 910 1018
79 911 1050
88 908 1047
61 964 1082
58 968 1078
53 962 1081
69 966 1104
67 966 1092
