200
180 15 196 
151 16 172 
186 8 199 
6 7 25 
8 18 26 
147 10 158 
59 1 62 
103 18 121 
108 16 133 
114 13 131 
54 3 60 
145 9 162 
86 8 107 
138 17 160 
114 8 133 
28 3 43 
13 5 21 
180 6 195 
97 2 101 
81 4 93 
27 18 47 
95 12 114 
46 16 74 
131 15 157 
180 7 200 
42 6 62 
85 17 108 
151 2 161 
14 12 35 
10 6 22 
142 4 146 
199 19 224 
162 3 169 
117 8 139 
129 8 149 
183 6 189 
35 12 58 
88 12 105 
96 16 119 
45 9 55 
79 17 96 
54 19 87 
71 12 87 
31 11 44 
166 16 193 
59 6 69 
32 14 59 
37 12 56 
66 5 77 
20 1 34 
131 9 146 
37 7 58 
136 12 153 
98 19 129 
157 12 169 
38 18 58 
112 6 131 
28 15 46 
50 5 57 
193 1 196 
123 15 139 
134 18 159 
1 6 9 
127 19 155 
194 7 212 
126 7 134 
49 13 74 
188 7 201 
154 11 169 
46 13 59 
182 17 199 
1 13 24 
184 3 201 
4 17 30 
124 3 130 
27 2 32 
112 11 129 
145 8 159 
184 10 194 
111 7 120 
177 5 188 
132 1 139 
33 5 47 
86 14 111 
105 11 121 
17 1 30 
8 18 34 
60 9 79 
69 15 85 
91 19 123 
123 13 136 
70 18 96 
173 9 186 
82 5 93 
86 7 102 
21 5 33 
197 8 219 
192 14 210 
80 2 95 
159 5 171 
111 4 118 
158 15 174 
39 1 52 
183 19 213 
77 7 96 
199 1 200 
193 8 213 
11 11 27 
60 14 86 
144 13 171 
160 15 185 
190 1 202 
10 3 15 
186 11 209 
17 14 35 
121 18 149 
18 10 29 
171 16 193 
86 18 112 
152 13 175 
186 15 214 
97 19 124 
176 3 188 
8 9 23 
144 4 148 
129 10 139 
45 11 70 
172 16 195 
197 19 227 
24 18 52 
28 12 47 
18 1 26 
125 18 149 
163 11 178 
71 11 85 
139 15 159 
124 19 146 
114 3 118 
48 11 63 
144 17 168 
170 1 177 
148 7 155 
187 4 191 
141 12 153 
3 12 23 
5 15 32 
55 12 75 
83 12 98 
174 6 185 
54 14 77 
27 6 42 
186 3 189 
156 16 183 
106 2 112 
91 3 97 
124 12 147 
53 4 58 
79 3 87 
15 13 29 
200 4 213 
112 15 139 
126 7 137 
98 8 109 
167 8 185 
180 9 190 
59 8 76 
108 3 118 
112 14 128 
180 11 192 
112 1 115 
191 11 202 
141 17 165 
141 8 153 
164 4 175 
142 16 172 
21 17 41 
38 6 58 
200 14 219 
80 15 106 
197 5 206 
99 17 116 
112 6 126 
44 10 55 
103 11 114 
166 8 186 
186 17 203 
164 6 184 
64 3 76 
34 16 55 
24 2 28 
120 3 129 
196 10 217 
127 17 144 
152 8 167 
78 13 92 
88 7 100 
28 14 49 
170 8 182 
42 1 54 
90 12 113 
