300
8 12 20
3 19 22
11 21 32
14 25 39
1 29 30
19 29 48
16 44 60
17 56 73
7 72 79
10 75 85
16 77 93
9 78 87
4 82 86
14 82 96
17 92 109
16 97 113
12 110 122
9 116 125
17 121 138
12 137 149
1 139 140
6 139 145
9 141 150
8 146 154
4 150 154
6 153 159
18 156 174
11 162 173
2 171 173
1 172 173
19 172 191
19 175 194
10 177 187
5 178 183
18 180 198
15 193 208
9 197 206
5 201 206
11 205 216
4 206 210
2 209 211
18 210 228
10 211 221
17 219 236
6 223 229
5 227 232
12 228 240
10 228 238
16 228 244
15 228 243
1 238 239
4 238 242
5 239 244
18 241 259
11 250 261
17 259 276
6 271 277
14 273 287
7 279 286
12 279 291
7 284 291
5 289 294
6 289 295
16 290 306
16 298 314
8 305 313
18 310 328
5 327 332
17 330 347
9 330 339
12 336 348
16 347 363
3 347 350
19 348 367
5 361 366
16 362 378
12 372 384
10 383 393
10 387 397
3 387 390
8 389 397
2 389 391
6 389 395
5 393 398
10 397 407
11 398 409
7 399 406
19 399 418
13 401 414
12 402 414
4 410 414
14 411 425
14 418 432
8 427 435
1 434 435
1 434 435
5 434 439
3 434 437
6 436 442
16 437 453
5 446 451
1 447 448
11 447 458
19 454 473
17 466 483
4 481 485
5 484 489
8 486 494
9 490 499
18 497 515
19 503 522
13 511 524
8 523 531
11 530 541
19 533 552
2 543 545
7 544 551
6 549 555
18 551 569
10 564 574
18 569 587
14 572 586
19 572 591
4 583 587
19 585 604
19 591 610
19 593 612
11 604 615
9 612 621
8 616 624
14 621 635
19 632 651
18 634 652
1 643 644
7 643 650
8 644 652
3 650 653
8 652 660
2 656 658
10 656 666
5 656 661
8 660 668
18 665 683
10 676 686
12 685 697
10 695 705
4 697 701
13 698 711
6 703 709
12 704 716
10 708 718
19 713 732
11 723 734
14 728 742
6 735 741
16 738 754
10 739 749
3 747 750
5 748 753
1 751 752
18 751 769
5 763 768
15 764 779
3 766 769
15 768 783
13 776 789
2 784 786
14 784 798
11 785 796
17 785 802
9 790 799
7 798 805
19 800 819
6 807 813
17 807 824
3 810 813
17 811 828
8 818 826
19 818 837
7 831 838
5 836 841
7 836 843
1 842 843
13 842 855
19 844 863
13 855 868
18 855 873
17 870 887
9 881 890
2 888 890
1 888 889
8 888 896
1 890 891
8 890 898
5 892 897
6 894 900
5 897 902
9 899 908
11 902 913
13 910 923
17 917 934
3 933 936
9 935 944
11 936 947
17 939 956
9 945 954
7 947 954
11 952 963
18 962 980
7 972 979
2 972 974
12 972 984
10 977 987
2 979 981
1 979 980
12 979 991
4 989 993
8 992 1000
9 993 1002
16 997 1013
19 999 1018
12 1011 1023
12 1020 1032
18 1023 1041
1 1039 1040
7 1039 1046
4 1042 1046
4 1045 1049
19 1047 1066
19 3 22
4 16 20
14 17 31
5 24 29
18 26 44
7 34 41
1 37 38
13 37 50
16 45 61
8 47 55
15 51 66
13 54 67
14 58 72
17 69 86
9 80 89
14 88 102
8 88 96
1 91 92
2 91 93
1 92 93
5 92 97
12 93 105
4 102 106
9 104 113
7 105 112
12 109 121
15 120 135
18 126 144
11 129 140
18 130 148
7 12 19
8 16 24
17 20 37
18 32 50
9 37 46
19 43 62
2 46 48
17 46 63
10 14 24
12 21 33
15 28 43
1 40 41
4 40 44
9 41 50
18 49 67
5 52 57
8 56 64
11 56 67
13 61 74
17 70 87
6 75 81
6 75 81
17 77 94
18 81 99
12 97 109
18 99 117
15 101 116
17 106 123
15 111 126
15 119 134
18 119 137
9 136 145
5 137 142
7 141 148
10 145 155
16 148 164
1 152 153
11 152 163
14 157 171
13 164 177
5 175 180
