50
42 7 56 
2 9 17 
35 8 45 
26 4 30 
29 9 41 
29 2 38 
49 8 57 
28 10 40 
16 4 25 
39 8 53 
48 4 52 
32 7 44 
49 1 55 
48 4 56 
20 5 29 
41 3 49 
27 2 36 
41 3 46 
6 5 12 
25 3 31 
45 8 58 
13 4 20 
9 4 13 
20 4 28 
27 9 40 
14 4 21 
17 1 25 
46 1 51 
31 2 40 
3 8 17 
40 8 55 
9 10 21 
42 10 55 
40 6 51 
28 1 32 
14 6 24 
39 2 42 
34 5 40 
44 9 55 
49 4 59 
36 5 43 
35 7 42 
15 5 24 
25 7 37 
4 2 13 
7 9 21 
35 6 46 
28 7 35 
17 1 22 
2 10 19 
