500
92 9929 10153
49 7769 7840
67 2745 2839
12 7307 7326
85 8407 8522
109 9960 10107
75 6515 6626
55 1961 2044
87 3530 3676
65 6425 6527
59 5327 5474
75 7687 7847
34 1491 1574
41 4764 4845
72 6681 6754
49 4300 4393
85 5770 5890
81 7190 7363
30 6148 6184
51 9563 9634
53 6185 6314
105 3236 3426
26 2031 2077
105 3569 3781
111 1853 1971
103 1438 1566
15 9804 9825
36 3524 3610
72 2115 2280
25 9361 9406
45 5347 5442
3 8789 8793
68 7549 7626
77 9728 9829
99 3627 3740
78 4581 4728
114 6596 6779
54 7287 7368
60 5105 5228
52 2144 2232
69 8295 8417
96 5771 5959
71 2707 2858
83 8364 8492
65 1320 1468
58 3727 3840
78 7550 7695
48 4139 4199
28 8204 8235
33 4332 4412
103 2336 2475
113 2335 2472
49 7454 7517
15 1786 1812
53 1181 1289
73 7891 8050
40 1054 1114
38 7565 7630
53 401 463
99 5445 5664
4 9305 9311
32 8322 8380
113 1065 1319
16 4045 4063
49 6630 6681
55 4337 4468
52 5520 5612
52 5233 5332
62 7436 7551
85 4831 4963
52 6626 6745
103 2088 2231
92 2009 2152
24 3240 3273
46 4192 4241
103 8348 8456
30 3625 3657
97 6640 6811
113 9944 10109
5 6017 6024
79 6960 7100
90 8767 8897
63 9782 9895
11 4804 4817
17 2650 2690
74 5039 5177
83 2097 2253
21 298 327
52 6686 6751
27 8759 8812
45 7086 7164
105 5133 5275
4 8810 8818
40 8974 9016
63 9486 9641
1 6540 6541
43 7734 7798
72 4492 4569
65 483 604
104 5595 5782
64 3790 3916
32 8340 8410
35 3919 3976
49 3701 3767
86 1951 2063
2 104 107
30 2299 2352
102 5639 5849
13 6715 6741
31 8831 8889
9 8380 8392
92 9446 9572
49 3435 3544
17 5169 5194
80 4075 4225
22 8448 8494
23 3414 3443
87 9326 9423
73 5414 5558
67 541 609
12 1856 1868
111 6192 6322
84 6646 6748
71 6593 6680
62 7033 7110
14 3603 3623
6 8256 8267
30 6937 6978
14 608 627
36 2084 2129
71 4733 4870
4 2171 2178
81 7280 7468
56 5728 5831
2 7840 7842
74 3428 3536
31 9630 9705
1 8045 8046
16 3538 3556
77 4693 4816
10 5811 5821
48 7887 7964
1 6022 6023
81 5554 5677
34 21 70
23 9942 9996
69 7712 7870
46 6073 6124
16 4203 4239
63 8855 8964
70 4493 4618
64 4722 4829
45 9166 9273
84 138 328
4 9647 9654
10 8347 8358
9 5682 5693
65 5975 6082
79 7498 7601
49 4206 4325
83 8819 9001
5 166 176
57 9120 9183
86 9602 9790
86 3034 3196
112 6712 6930
19 4508 4529
37 9434 9524
64 8743 8854
84 4815 4979
73 3157 3273
67 5899 6012
85 526 669
105 8148 8270
14 14 48
105 3011 3261
115 9209 9438
82 1631 1790
27 2005 2045
27 1481 1508
56 8646 8760
49 5463 5569
3 3463 3466
113 6032 6205
76 7560 7684
47 750 802
72 2968 3084
58 4981 5049
69 9086 9223
94 4821 4982
78 9795 9907
66 7041 7178
52 3750 3816
51 9991 10075
72 1544 1644
42 6264 6362
79 9866 10006
63 414 516
21 6836 6879
88 8659 8778
96 2963 3081
98 5253 5452
93 6977 7139
53 5729 5840
60 3264 3367
100 4683 4850
33 8641 8687
71 5280 5383
48 9668 9737
97 1035 1194
40 4763 4811
17 2080 2109
34 1472 1508
72 1258 1357
72 8306 8433
56 2120 2206
26 2478 2523
52 8568 8665
8 5730 5741
16 3771 3793
62 6216 6307
35 2653 2719
16 6850 6889
83 8267 8421
100 3358 3557
49 6477 6541
80 6688 6815
50 19 69
79 2581 2672
106 9599 9725
89 1566 1745
8 8434 8450
56 3313 3370
25 8970 9004
15 3817 3848
26 4417 4462
9 2426 2441
100 4622 4746
113 7189 7343
42 8197 8280
115 4096 4265
2 4423 4427
93 6734 6880
113 6393 6597
45 584 674
115 5213 5451
75 9645 9788
89 5456 5563
14 3341 3359
97 9782 9910
107 1253 1473
65 8642 8797
100 1698 1863
37 5149 5187
54 9177 9235
91 7964 8110
82 5792 5956
51 65 156
66 6178 6302
13 9030 9045
97 6000 6224
25 7570 7611
61 9667 9807
51 5500 5599
19 4359 4399
87 2750 2839
47 3732 3804
26 7324 7383
39 5463 5547
18 6738 6775
100 666 769
64 7086 7222
5 5917 5923
69 1853 2012
58 4387 4522
12 668 692
57 3284 3397
57 4627 4749
111 5045 5193
67 6298 6456
54 2459 2561
29 1355 1396
72 7908 8047
32 2360 2396
98 9951 10176
91 286 510
57 834 952
20 5369 5399
4 7448 7453
28 8976 9023
46 8378 8463
66 7669 7768
115 4719 4901
113 46 166
67 295 427
31 3674 3751
86 9738 9950
31 9467 9527
105 5759 5920
43 4564 4660
10 1544 1564
32 4517 4596
35 7293 7369
94 8327 8509
30 6381 6417
111 6800 6932
66 4471 4596
49 6311 6431
64 5229 5308
94 8893 9113
83 8922 9061
59 5830 5966
78 1615 1794
25 5764 5803
35 6726 6769
60 6026 6155
6 2026 2037
73 9058 9156
50 2858 2913
9 2576 2592
9 8406 8415
85 8002 8125
100 4160 4302
89 1371 1531
32 5142 5205
37 128 208
72 5670 5814
93 2811 2979
97 6282 6467
102 3745 3867
111 1304 1503
8 2040 2055
67 8758 8890
54 326 438
19 3464 3500
102 7736 7902
72 2671 2780
86 9213 9369
18 8054 8072
95 5411 5622
12 5319 5343
31 8107 8180
104 1697 1849
102 7730 7843
63 3499 3582
77 7454 7636
15 4532 4555
21 5367 5414
110 6825 7069
75 9850 9959
104 1254 1505
111 4764 5008
26 1512 1574
51 9140 9201
69 1175 1282
2 7617 7619
81 3430 3522
23 8190 8240
24 6369 6403
47 9492 9571
65 3870 3999
9 638 659
11 9192 9217
45 5545 5590
102 2734 2957
5 9292 9298
36 3239 3303
8 6092 6111
52 6935 7008
114 4934 5103
43 2816 2877
69 6457 6530
68 411 482
9 5984 5997
9 9283 9295
14 8229 8263
73 6633 6809
51 6412 6475
7 3761 3773
62 9540 9608
21 3493 3525
52 7144 7201
26 5754 5793
10 9794 9808
89 9724 9844
99 6591 6706
115 6110 6388
28 6478 6533
26 7024 7080
24 1482 1512
104 542 751
110 2907 3165
15 3138 3162
3 5988 5993
110 5062 5308
23 5294 5338
88 9092 9207
28 3830 3863
70 5396 5504
18 7673 7702
99 458 703
6 5963 5975
105 4232 4352
104 1954 2163
35 2357 2439
29 9926 9965
74 4152 4238
57 989 1090
51 1684 1759
75 5705 5848
32 4527 4559
4 3591 3599
8 6747 6758
11 5984 6005
62 8031 8165
64 6317 6433
65 4984 5111
55 723 787
79 7458 7547
68 3086 3208
107 3075 3289
27 2240 2301
59 7611 7670
38 6021 6074
25 7763 7813
100 5826 5953
85 8646 8738
77 4113 4209
97 7779 7899
29 2530 2588
49 7295 7387
4 728 732
26 9255 9283
44 7301 7385
88 7354 7539
113 8187 8373
78 7033 7143
24 4740 4776
108 9722 9918
93 1759 1967
41 9162 9225
37 567 634
83 360 516
79 9282 9371
19 8143 8178
3 3134 3139
112 582 714
17 8767 8798
36 2440 2482
80 1103 1236
69 2425 2560
32 3598 3664
95 1088 1189
113 1947 2061
56 2996 3059
24 7160 7193
82 5833 5998
1 6368 6369
94 9765 9931
34 8071 8146
80 7060 7203
55 5575 5681
72 674 757
83 9456 9630
114 6104 6336
69 1822 1986
24 6175 6223
32 3738 3781
100 9816 10030
107 1199 1316
19 7242 7283
41 2445 2524
58 607 708
100 4974 5216
25 4228 4285
78 2418 2506
16 8752 8788
78 9193 9279
25 7252 7300
97 6006 6138
30 3778 3820
111 7542 7708
58 4334 4456
43 2575 2661
42 5435 5538
109 7482 7699
55 112 232
58 1425 1557
73 1401 1495
31 3922 3983
100 3922 4105
102 2718 2947
104 5908 6156
51 1723 1785
25 9344 9375
23 8384 8431
23 7190 7226
76 591 668
31 1496 1531
17 7926 7950
