50
11 80 93
13 59 74
19 45 71
11 94 114
12 40 55
13 60 80
20 3 27
16 88 111
13 43 63
13 9 25
18 106 125
20 19 43
12 11 29
15 13 32
12 89 109
11 97 112
16 69 90
16 11 34
20 20 49
11 34 49
18 116 139
12 93 114
10 90 106
18 90 111
12 24 42
13 58 73
12 28 41
19 27 50
18 111 137
19 1 28
15 115 136
12 17 34
14 120 135
19 60 81
12 9 27
18 30 49
20 42 66
12 40 61
17 95 114
20 66 95
17 55 81
18 14 38
18 20 41
18 110 131
13 87 108
11 50 68
18 87 111
17 41 65
12 49 67
12 80 99
