300
1 0 2
7 1 12
1 0 2
7 2 13
2 3 6
4 3 9
7 1 12
3 3 8
4 3 10
8 3 15
8 3 14
8 3 14
3 5 11
1 3 7
8 5 15
9 5 18
9 5 16
5 5 14
1 4 7
10 5 16
7 7 15
4 6 12
6 7 14
9 7 17
9 8 21
3 8 15
6 8 17
9 8 21
8 8 18
2 8 12
2 9 12
5 9 15
2 9 14
3 9 14
4 10 15
7 8 16
10 9 22
5 9 16
9 9 21
9 11 21
3 11 16
6 10 18
1 10 15
5 11 17
7 13 23
1 12 17
9 12 23
4 11 16
1 12 14
5 12 18
3 14 18
8 14 25
6 14 23
7 13 23
6 15 25
7 15 26
4 14 19
1 16 18
1 16 18
4 15 22
5 15 24
8 15 26
6 16 24
10 15 28
3 18 22
2 17 20
10 17 31
3 17 24
1 19 22
5 19 25
5 18 24
4 19 24
5 19 26
5 20 29
6 19 26
3 19 24
2 20 23
9 20 33
1 19 21
7 19 30
6 20 29
7 20 30
2 21 25
4 21 28
10 22 35
1 22 25
3 23 30
10 22 35
4 22 28
3 22 28
9 24 36
7 24 34
3 24 28
1 24 26
10 23 34
2 25 28
3 26 30
10 25 38
5 25 31
2 25 30
5 26 33
10 26 40
1 26 28
8 27 39
2 26 31
6 28 38
7 26 34
5 28 34
3 27 33
7 29 37
1 27 30
10 29 43
8 28 37
6 29 38
10 30 41
10 29 43
7 30 40
7 30 38
3 30 36
2 30 34
4 30 38
2 32 36
3 30 36
1 31 36
3 32 39
1 31 35
6 32 40
2 33 36
3 33 37
8 32 44
3 34 40
9 34 46
7 33 43
5 33 39
2 35 39
7 35 45
7 35 43
3 36 40
5 34 41
5 35 43
1 36 41
3 35 41
1 37 40
4 38 44
8 37 46
4 37 43
9 37 47
1 37 39
6 38 47
8 38 50
2 37 43
8 37 46
3 38 42
8 39 49
8 38 49
9 40 53
4 41 47
4 41 47
5 40 46
3 42 48
2 41 47
4 42 47
5 42 49
10 43 57
7 41 52
4 42 47
9 43 56
9 41 52
8 43 54
9 42 54
1 43 48
3 44 51
2 44 47
2 44 49
2 44 47
6 43 52
9 44 57
5 45 53
8 44 55
9 45 55
8 47 58
1 47 49
6 47 56
6 46 56
3 47 53
2 48 53
2 48 51
3 47 52
8 48 57
1 48 51
10 48 60
8 48 58
9 48 58
2 49 53
3 50 55
5 51 59
6 51 58
4 49 56
4 49 54
10 50 62
9 51 63
6 50 60
1 50 55
5 52 60
5 51 58
10 53 65
6 52 62
1 52 57
8 53 62
1 54 56
4 52 60
1 53 58
3 54 61
3 54 61
3 55 59
8 56 67
4 55 60
9 55 68
4 56 64
2 56 59
3 56 63
1 57 61
1 56 60
9 57 69
8 57 66
4 58 65
3 58 62
3 58 63
9 57 69
9 58 69
6 57 65
1 58 63
6 59 67
9 60 73
3 59 66
9 59 70
7 59 70
8 59 70
2 61 67
10 60 73
6 60 67
1 61 66
7 62 70
3 62 67
2 63 66
8 61 73
10 63 77
6 63 73
6 63 70
8 64 75
6 64 74
7 65 76
9 63 74
3 65 72
10 64 77
4 63 69
6 66 74
6 64 73
6 64 73
5 66 73
1 66 70
5 66 72
5 67 74
5 67 74
4 66 71
7 66 77
8 67 78
10 68 79
1 68 71
2 67 70
6 69 78
3 70 77
8 69 80
9 70 81
3 70 75
1 69 74
10 70 81
8 70 79
5 69 77
4 71 79
4 70 76
8 71 82
8 72 84
9 72 85
1 71 76
6 73 83
7 72 82
8 72 81
6 72 79
10 72 84
9 74 86
1 74 78
8 75 85
2 74 80
8 75 84
5 75 81
8 75 87
9 76 88
10 76 88
7 75 85
