500
7 11 18
17 15 32
8 29 37
10 33 43
18 37 55
16 49 65
11 55 66
6 61 67
18 61 79
4 71 75
7 71 78
6 71 77
7 75 82
1 80 81
15 80 95
13 87 100
7 94 101
15 96 111
15 99 114
7 107 114
19 113 132
5 125 130
5 125 130
18 126 144
19 127 146
16 140 156
6 146 152
9 146 155
16 151 167
5 162 167
7 165 172
16 171 187
18 176 194
18 189 207
14 189 203
10 201 211
13 209 222
17 213 230
13 228 241
15 240 255
17 250 267
5 251 256
9 254 263
6 260 266
17 260 277
14 275 289
9 285 294
19 286 305
6 287 293
19 291 310
17 309 326
15 316 331
7 330 337
2 333 335
19 334 353
12 341 353
15 343 358
1 357 358
18 357 375
14 371 385
14 384 398
4 394 398
4 396 400
14 396 410
10 396 406
18 398 416
19 405 424
3 421 424
15 422 437
15 433 448
19 438 457
18 448 466
5 460 465
3 464 467
4 464 468
3 465 468
19 466 485
2 469 471
13 469 482
2 481 483
3 481 484
18 481 499
13 487 500
5 497 502
1 498 499
2 498 500
10 498 508
15 504 519
14 509 523
16 515 531
1 527 528
5 527 532
5 529 534
14 530 544
7 535 542
10 538 548
6 545 551
4 550 554
9 553 562
12 557 569
8 560 568
10 565 575
8 569 577
18 572 590
6 581 587
1 585 586
18 585 603
19 585 604
17 599 616
13 599 612
9 599 608
11 600 611
2 607 609
5 607 612
6 608 614
16 609 625
11 614 625
5 623 628
4 626 630
5 627 632
15 630 645
12 642 654
10 649 659
10 649 659
11 656 667
13 661 674
11 664 675
16 671 687
16 683 699
17 696 713
7 705 712
10 705 715
1 711 712
14 711 725
17 714 731
12 718 730
15 727 742
5 732 737
12 736 748
9 736 745
10 738 748
17 744 761
6 751 757
15 756 771
7 761 768
17 761 778
17 766 783
17 778 795
7 787 794
11 792 803
3 798 801
4 799 803
1 801 802
6 801 807
3 801 804
5 803 808
9 807 816
12 815 827
1 815 816
13 815 828
3 826 829
17 826 843
4 833 837
13 835 848
11 841 852
13 844 857
10 849 859
6 852 858
6 857 863
3 857 860
9 858 867
9 859 868
7 861 868
16 867 883
8 877 885
12 883 895
4 894 898
8 896 904
10 898 908
13 903 916
18 912 930
7 923 930
10 926 936
17 926 943
19 929 948
11 941 952
5 948 953
6 948 954
14 950 964
6 960 966
7 965 972
9 969 978
1 971 972
4 971 975
1 971 972
14 971 985
17 979 996
18 981 999
16 990 1006
8 990 998
10 991 1001
2 999 1001
10 1000 1010
16 1008 1024
9 1009 1018
4 1016 1020
4 1018 1022
14 1018 1032
10 1025 1035
5 1026 1031
11 1028 1039
3 1038 1041
1 1038 1039
17 1038 1055
5 18 23
4 20 24
14 23 37
5 34 39
3 36 39
17 38 55
9 42 51
8 42 50
5 48 53
17 50 67
5 58 63
18 59 77
3 63 66
14 65 79
8 69 77
7 76 83
7 78 85
8 80 88
4 85 89
9 87 96
9 93 102
7 99 106
8 104 112
3 105 108
5 105 110
3 105 108
11 107 118
12 111 123
9 117 126
2 121 123
1 122 123
2 122 124
1 122 123
15 122 137
3 129 132
4 129 133
2 132 134
4 133 137
19 135 154
2 146 148
8 147 155
16 152 168
16 159 175
17 160 177
1 164 165
4 164 168
12 165 177
9 171 180
2 174 176
9 174 183
16 175 191
17 180 197
1 182 183
2 182 184
12 183 195
19 185 204
1 191 192
7 191 198
9 195 204
6 197 203
19 201 220
18 216 234
6 228 234
13 232 245
4 243 247
7 246 253
3 247 250
19 248 267
13 262 275
3 266 269
6 268 274
5 269 274
7 272 279
9 277 286
13 285 298
6 287 293
10 291 301
8 300 308
6 300 306
1 303 304
17 303 320
4 314 318
19 314 333
13 316 329
18 316 334
18 330 348
11 346 357
19 348 367
17 365 382
9 374 383
17 376 393
17 382 399
9 398 407
14 402 416
5 410 415
13 411 424
13 416 429
4 420 424
2 422 424
11 423 434
5 424 429
4 425 429
3 428 431
7 430 437
4 430 434
15 433 448
10 440 450
2 445 447
4 445 449
11 448 459
7 456 463
7 461 468
10 461 471
6 465 471
9 466 475
17 472 489
12 478 490
16 480 496
12 487 499
5 488 493
12 491 503
1 500 501
10 500 510
15 501 516
14 505 519
19 507 526
16 520 536
3 530 533
11 531 542
17 531 548
8 543 551
4 549 553
10 551 561
11 554 565
7 560 567
5 564 569
1 564 565
17 6 23
17 16 33
19 31 50
2 33 35
7 34 41
2 40 42
2 40 42
13 40 53
11 50 61
5 54 59
17 57 74
12 69 81
4 76 80
2 77 79
15 78 93
1 78 79
19 78 97
14 94 108
15 101 116
9 108 117
3 114 117
12 116 128
18 123 141
9 138 147
5 146 151
8 146 154
9 151 160
10 152 162
13 153 166
4 154 158
4 157 161
17 158 175
4 161 165
4 163 167
13 166 179
17 173 190
17 175 192
13 189 202
12 195 207
19 200 219
12 201 213
6 205 211
3 208 211
16 208 224
19 219 238
1 228 229
6 228 234
4 233 237
13 236 249
13 239 252
5 240 245
5 241 246
3 243 246
2 244 246
15 244 259
5 249 254
5 249 254
17 250 267
12 262 274
11 263 274
11 263 274
18 265 283
5 266 271
16 266 282
14 276 290
10 276 286
16 278 294
11 288 299
19 290 309
8 299 307
16 305 321
10 317 327
3 326 329
9 326 335
2 334 336
7 335 342
1 10 11
12 10 22
11 15 26
12 18 30
4 23 27
4 24 28
16 24 40
18 36 54
2 52 54
13 53 66
9 58 67
18 64 82
15 72 87
10 79 89
18 85 103
7 89 96
16 91 107
1 98 99
18 98 116
14 98 112
12 109 121
3 114 117
4 114 118
1 115 116
14 115 129
5 122 127
11 125 136
14 131 145
5 142 147
18 144 162
3 156 159
10 157 167
2 158 160
4 159 163
14 159 173
10 164 174
1 165 166
15 165 180
1 170 171
19 170 189
7 170 177
13 174 187
14 179 193
18 192 210
3 198 201
10 199 209
6 202 208
13 203 216
7 211 218
18 216 234
10 218 228
19 218 237
10 224 234
8 231 239
11 233 244
3 241 244
9 243 252
16 246 262
11 246 257
1 255 256
10 255 265
19 262 281
4 262 266
2 264 266
19 264 283
16 275 291
13 281 294
2 282 284
7 282 289
4 283 287
19 284 303
18 294 312
4 309 313
