625 4955127
2373 9901228
7613 14859183
11862 19810238
19559 24754988
25949 29712773
46439 34661332
48335 39617305
65714 44560705
75431 49505105
745 4952957
149 9902749
2430 14860288
1241 19802852
15694 24758396
7017 29708466
502 34651242
16166 39606022
54354 44561608
81309 49505593
270 4952781
3140 9903152
11618 14855393
29016 19802913
57176 24758490
104650 29706646
177448 34655006
250713 39604830
400675 44560143
535169 49507054
621 4952220
2030 9908976
6771 14852218
7796 19811848
12054 24751320
20995 29713920
30123 34664665
30679 39616549
41584 44559381
58579 49502972
1319 4952744
4749 9903724
11547 14852485
19437 19805989
29459 24764593
45038 29714042
62184 34661388
93576 39613119
105994 44551771
123007 49513347
275 4954201
1532 9908143
4341 14853586
3022 19808964
12832 24754480
19465 29705111
15607 34652831
24771 39617291
29625 44551657
28163 49516079
851 4953301
3578 9907718
7708 14856072
13105 19811944
24532 24764592
31191 29711017
43750 34652116
59742 39615743
79636 44553612
100523 49506521
425 4951681
1796 9905238
6043 14852201
12135 19803378
17287 24751245
23646 29701630
34090 34652292
43876 39608004
58993 44564233
71228 49517439
3289 4952478
38901 9902024
132799 14853109
309492 19808948
638702 24755104
1108301 29712141
1810098 34652929
2542946 39601164
3849288 44551398
4966690 49505239
28219 4951918
380267 9906446
1229934 14857266
2647926 19805690
5754320 24764817
9376583 29707783
15973521 34651089
24130417 39611390
37842665 44564595
50678933 49512227
5241 4953776
35353 9905077
144185 14859394
337830 19808051
620718 24759915
1042341 29710355
1755104 34653803
2513532 39609192
3719063 44561307
5276939 49502688
3686 4951443
43381 9907991
126185 14853150
333914 19808389
634773 24760160
1030949 29720120
1819835 34659334
2648524 39609381
4093092 44557337
5446973 49512689
1882 4953162
13474 9901772
26438 14854087
52272 19813865
106903 24763446
151048 29713590
195346 34653630
210493 39608253
325497 44554522
403063 49506971
2211 4952623
21572 9901955
79566 14857081
181090 19801501
346482 24762580
613919 29707948
1020063 34662467
1563512 39617963
2070263 44557044
3073716 49513432
6165 4951053
34338 9905394
73097 14853441
157991 19804536
239574 24764402
371252 29714599
473391 34666587
630564 39612983
877961 44570896
1043727 49519318
733 4953040
1269 9906154
1822 14851391
1916 19802887
11316 24751209
17728 29710568
11887 34670689
14419 39613768
3755 44559418
1916 49519647
59 4951870
552 9901647
9363 14851858
8675 19805293
9142 24756077
29705 29702000
26212 34655578
32114 39602143
28622 44557891
80080 49516207
