618 4951115
2352 9901702
7671 14851985
11366 19802655
18475 24752686
24708 29703008
44319 34654154
45141 39605632
61752 44553992
72003 49501698
750 4951875
155 9901867
2414 14853212
1215 19801794
15423 24752256
6928 29703785
483 34654926
15819 39603734
51215 44556448
78148 49503083
270 4951556
3125 9902198
11591 14852461
28720 19801564
56881 24752060
105070 29703126
176251 34653648
249784 39601065
400073 44552759
533969 49503447
650 4951280
2068 9901062
6813 14851539
7677 19801326
11823 24753332
20683 29701579
28612 34656596
29159 39601031
38465 44556041
55925 49507682
1292 4951422
4769 9902615
11532 14852646
19011 19801281
29551 24753134
44388 29704736
61157 34652412
92570 39605202
103403 44553885
119348 49502778
284 4951650
1509 9901391
4213 14852986
3080 19801929
12616 24751821
18595 29705186
15287 34651254
23698 39605821
27917 44557485
27718 49508176
849 4951425
3557 9901821
7685 14852340
12674 19801651
24448 24751992
30667 29705416
42893 34651070
58745 39606484
78364 44555836
97754 49508693
425 4951524
1789 9902392
6057 14852139
11981 19802862
17159 24754485
22967 29704922
33562 34655079
42376 39606770
57582 44554864
68673 49505211
3284 4951016
38903 9902157
132889 14852972
309079 19803952
637445 24751524
1107329 29703913
1808645 34656261
2539512 39604112
3846132 44553125
4957731 49506369
28230 4951872
377211 9901746
1227527 14853534
2651037 19802318
5746861 24754326
9307051 29705369
15945363 34653148
24098951 39602709
37686186 44551067
50549953 49501010
5239 4951575
35342 9902336
144247 14853488
337512 19803107
620227 24752808
1042068 29704115
1755029 34654413
2513204 39601266
3719227 44556652
5277375 49507252
3699 4951360
43387 9902501
126209 14853212
333980 19802478
634737 24752099
1031168 29705420
1819989 34652111
2648641 39606794
4092646 44551135
5447619 49505450
1838 4951749
13434 9902075
26202 14853184
51745 19801911
105278 24753302
147708 29703887
186762 34652566
203628 39606200
311191 44553810
389779 49506720
2210 4951248
21573 9901601
79410 14852227
181031 19801369
346508 24754748
613808 29701118
1020040 34651169
1563477 39602231
2070092 44554160
3073751 49502737
6224 4951407
34370 9901602
73194 14852171
157376 19801136
237543 24752101
369476 29703855
470798 34654831
624059 39606264
869933 44553833
1036856 49502045
660 4951528
1354 9902561
1383 14852834
1521 19802522
8864 24752167
15639 29704852
9460 34655197
10477 39606361
3085 44555090
1334 49506704
54 4951470
631 9901015
9028 14852020
8547 19803195
7449 24752227
29240 29704999
24065 34652956
31061 39601027
28272 44552527
77075 49506339
