250
7 0 12
2 4 11
4 3 13
6 0 10
5 5 15
4 0 7
7 1 17
3 3 6
3 1 10
6 0 8
4 0 9
4 4 14
6 2 11
4 7 17
1 4 7
2 7 12
4 6 12
5 4 18
3 5 10
6 4 14
7 8 21
3 6 9
8 9 17
1 9 10
6 8 15
1 6 16
3 4 10
8 5 21
2 7 18
1 7 17
6 6 19
6 9 17
5 9 18
5 5 12
4 5 12
2 8 18
3 9 14
3 10 17
7 6 18
2 5 14
7 12 26
1 12 22
2 13 22
1 13 15
2 8 15
8 11 26
6 11 24
7 11 25
4 15 28
7 14 22
2 12 18
5 14 21
1 13 23
8 11 21
2 17 24
2 13 19
8 11 27
5 14 25
7 11 20
3 16 20
1 15 17
4 15 27
3 18 30
8 17 30
4 15 25
5 20 31
7 16 23
1 15 18
8 15 26
7 14 26
5 13 22
6 18 30
3 22 34
7 18 33
1 14 23
2 16 25
5 17 29
5 20 25
4 18 23
3 15 21
2 22 32
6 16 28
2 23 33
3 19 26
3 19 31
2 19 30
8 25 37
3 22 30
5 24 34
7 19 26
5 23 29
5 22 32
6 20 29
1 26 33
5 24 38
8 23 36
2 24 29
3 24 33
3 20 27
1 27 32
5 22 29
8 28 41
7 25 35
5 28 34
4 26 37
5 30 43
8 30 38
6 28 36
8 24 35
2 23 31
7 25 35
6 30 41
7 28 44
4 26 38
1 26 28
3 25 29
3 32 39
5 32 45
1 27 37
1 31 40
6 31 45
4 30 35
5 30 37
4 26 30
4 27 39
5 31 37
3 29 37
4 31 36
5 30 41
6 34 45
6 36 50
4 36 48
7 36 50
8 35 48
3 30 34
2 34 41
5 30 39
4 33 41
3 34 38
8 35 44
5 34 41
3 33 45
7 35 47
5 31 42
1 39 49
5 40 53
3 34 44
4 39 49
6 38 50
5 34 41
5 41 51
3 33 38
1 34 41
3 36 40
6 38 50
8 34 43
7 40 50
6 43 51
8 39 54
6 41 47
5 44 53
7 40 52
3 42 47
4 37 43
7 40 48
3 43 54
4 40 50
2 45 50
1 42 51
7 45 61
7 40 51
8 42 57
6 45 59
4 47 54
3 41 45
2 41 50
1 44 53
7 45 61
7 44 60
4 47 53
3 49 55
4 45 53
4 44 52
4 43 48
2 48 57
8 47 60
1 46 49
7 42 58
3 49 60
8 47 59
5 47 60
6 50 62
5 44 49
3 46 57
6 50 58
5 50 56
5 49 59
3 45 55
8 49 57
5 46 52
1 47 50
8 50 62
6 50 57
8 47 62
1 54 59
3 54 60
5 47 54
2 49 57
2 51 55
4 53 58
5 52 61
5 52 60
8 52 66
7 51 63
5 57 64
4 50 54
6 54 63
1 53 57
8 54 66
3 50 54
2 55 57
6 53 61
8 51 61
5 53 58
6 53 63
5 58 69
3 53 56
5 53 64
1 53 54
1 61 69
4 57 70
3 57 63
5 62 67
3 62 68
2 60 69
3 62 72
2 61 65
4 62 68
7 61 77
2 60 70
2 62 69
6 64 71
8 56 64
2 63 65
1 65 67
1 60 67
5 61 73
1 59 66
8 58 67
7 58 65
