350
4 0 7
1 0 1
2 0 8
1 0 1
2 4 14
3 0 9
7 0 16
3 0 8
1 0 2
6 0 6
4 0 10
3 0 8
1 3 12
1 2 11
2 5 7
8 2 17
1 1 6
3 5 15
6 2 10
2 3 13
4 8 15
8 7 15
2 5 15
3 1 11
6 5 15
3 6 14
1 2 12
8 10 19
6 6 12
6 9 21
8 11 27
8 8 19
3 7 18
7 6 21
6 9 23
4 11 20
4 8 15
4 6 16
2 10 20
6 8 21
7 10 21
2 9 16
1 8 15
5 11 20
7 9 24
3 8 13
2 10 13
7 13 29
4 9 16
3 9 15
4 12 21
1 11 21
4 10 20
1 15 23
5 16 21
5 14 19
1 10 12
3 17 28
2 12 18
4 14 25
6 15 30
1 19 27
7 19 27
2 13 21
2 17 22
5 16 28
6 13 24
4 19 28
8 13 29
8 20 32
3 18 28
8 16 28
3 16 21
5 18 25
4 20 25
1 18 21
3 17 21
4 20 30
1 22 32
3 17 24
7 22 33
6 17 28
8 18 27
8 22 35
3 22 27
3 21 27
7 19 27
8 21 34
5 26 35
7 24 32
7 22 32
2 22 27
8 20 37
6 23 34
4 23 36
3 23 32
4 21 32
4 20 33
6 26 40
1 20 29
3 25 36
7 29 45
8 28 42
7 21 28
3 28 39
2 28 33
4 27 33
4 26 38
2 29 35
3 31 38
6 25 37
7 29 45
7 24 37
7 28 42
8 32 48
8 31 42
2 27 29
1 26 36
6 30 38
3 25 37
2 26 32
1 28 37
8 30 38
5 30 35
8 31 42
6 31 44
6 31 44
2 29 37
6 35 41
4 30 41
6 29 41
4 30 37
1 31 34
5 34 46
5 29 42
8 31 42
4 38 46
4 38 42
1 33 34
2 35 42
7 35 45
2 35 40
5 36 48
3 33 41
3 33 40
6 37 46
4 33 46
3 38 50
2 35 42
8 35 45
6 34 42
8 33 48
1 41 44
4 39 46
1 37 45
8 42 57
1 38 48
3 38 46
3 39 47
3 38 49
8 41 49
7 38 49
8 40 48
7 41 52
8 41 49
8 45 58
1 43 48
8 39 54
1 41 48
6 41 55
3 45 55
8 40 54
5 46 51
8 42 50
7 42 53
7 43 59
3 44 48
2 43 54
2 47 51
8 44 60
1 48 54
6 48 57
5 43 57
2 43 47
4 45 53
5 46 53
3 42 51
7 44 56
5 49 57
4 47 54
5 44 53
8 46 57
1 49 54
7 44 52
5 45 52
3 51 55
5 46 56
7 45 58
3 47 56
5 53 61
3 53 61
3 48 57
6 50 58
7 46 62
2 51 55
2 54 65
6 51 58
4 54 62
7 51 61
7 52 64
7 52 60
8 51 68
7 49 63
5 57 64
8 53 66
3 50 53
8 58 67
4 55 67
6 50 60
3 54 65
4 56 67
8 55 66
8 53 63
1 55 58
4 58 67
4 56 62
1 53 56
1 56 62
8 57 72
7 53 61
3 57 62
4 61 72
2 58 65
2 61 67
7 61 75
3 58 65
6 57 72
6 61 69
5 59 68
8 61 77
3 64 74
4 61 65
7 57 64
5 56 67
4 59 72
2 57 64
2 65 74
6 63 70
8 65 77
8 65 74
7 64 75
4 61 68
2 64 74
1 67 69
5 65 73
8 65 82
4 66 75
5 63 73
6 64 75
1 62 65
1 68 69
4 68 81
6 69 78
1 67 73
4 62 73
5 62 67
8 68 85
3 63 69
8 66 78
2 68 72
5 63 72
3 68 80
5 68 73
6 65 71
6 72 79
3 71 79
5 72 77
2 65 73
2 66 74
1 69 70
3 71 75
3 73 82
7 72 86
4 68 80
1 70 79
6 68 76
2 71 80
4 69 74
1 76 78
5 75 80
7 73 81
4 71 84
1 71 76
4 76 89
6 73 85
1 71 77
8 75 92
7 74 87
8 75 84
4 74 83
8 75 92
6 74 82
6 71 83
7 75 84
4 73 78
1 74 82
7 72 86
6 76 88
4 74 79
5 76 87
6 73 81
7 81 96
7 78 91
5 77 89
1 77 79
2 76 81
1 80 82
6 79 87
8 77 86
5 77 87
6 78 84
8 83 100
7 78 87
8 81 91
7 78 92
6 78 92
6 78 89
2 79 88
1 82 91
5 83 96
2 86 97
1 84 88
4 82 92
8 83 95
6 86 98
4 86 94
4 81 85
6 81 92
3 87 94
4 88 99
4 89 100
1 81 90
4 83 93
7 83 90
1 84 85
4 86 92
7 83 95
5 88 102
7 91 101
8 89 98
