500
1 0 4
6 0 7
4 3 10
2 0 5
4 2 6
8 1 15
7 4 13
5 0 8
5 0 7
6 0 12
1 6 7
7 0 13
8 0 14
2 5 9
2 2 8
6 2 11
7 0 7
5 3 9
6 3 16
3 7 16
7 2 16
7 4 17
8 9 19
1 8 10
2 9 15
1 3 13
8 3 19
4 6 16
8 9 20
6 8 19
7 6 19
8 8 19
8 4 21
8 8 24
6 6 12
8 12 26
4 7 17
3 10 22
5 6 20
7 11 25
3 13 18
4 14 21
7 10 25
6 12 23
5 14 19
4 11 24
5 15 22
7 13 29
7 12 20
7 16 28
3 8 13
7 8 21
7 9 23
2 15 17
2 16 19
8 16 29
6 18 24
6 15 30
3 11 16
8 13 27
1 17 21
4 15 21
8 12 27
6 15 22
7 16 25
3 13 20
7 20 29
4 13 21
1 16 21
1 17 20
4 19 24
8 19 35
3 19 30
1 16 20
5 21 26
5 14 21
5 22 32
3 22 28
8 18 31
6 19 32
3 16 21
2 17 27
1 16 26
2 24 30
3 23 33
7 21 33
5 23 32
7 20 31
5 22 32
2 26 35
4 23 27
5 18 29
4 23 29
6 20 33
6 23 29
6 26 39
2 25 30
7 27 36
1 26 33
8 26 43
4 25 34
1 25 33
6 25 37
3 22 25
8 25 39
8 28 41
4 27 33
3 26 34
7 27 39
2 25 29
2 30 41
6 30 42
1 30 39
6 27 42
1 29 36
5 27 32
7 25 40
7 31 46
1 25 32
5 32 38
7 30 42
8 30 44
8 30 45
8 34 42
1 30 33
6 30 39
5 35 41
8 35 47
6 33 45
7 29 44
1 36 43
5 35 45
2 31 39
1 33 42
5 33 44
3 35 44
6 34 40
5 38 50
2 34 40
8 35 47
3 37 46
5 32 43
2 38 45
6 32 43
7 38 50
6 34 49
8 37 51
8 40 49
7 38 46
6 36 50
3 39 44
3 41 50
4 40 52
6 38 46
5 41 49
6 40 53
8 36 45
7 38 51
1 36 39
6 39 46
8 37 49
8 39 48
6 36 47
7 43 58
6 42 54
8 40 49
3 44 51
2 43 53
4 39 46
8 43 54
5 40 48
1 42 44
5 39 44
6 44 57
5 43 55
1 42 45
2 46 52
5 44 57
4 48 57
3 42 54
2 42 50
3 45 55
7 42 57
3 45 49
7 46 54
2 50 52
4 43 49
8 46 63
4 48 58
6 43 50
1 45 52
8 45 60
8 49 61
3 50 62
4 47 55
1 50 60
5 51 56
4 47 60
7 49 61
4 52 64
3 53 64
5 48 55
4 48 56
4 47 55
2 55 57
1 55 63
5 48 54
3 51 60
3 49 54
3 51 61
1 49 56
3 54 66
1 53 62
8 56 72
8 54 62
2 55 61
2 54 60
2 56 59
3 58 67
4 52 65
1 57 62
8 58 66
2 51 53
6 54 63
8 60 73
3 58 61
3 53 62
4 57 61
3 57 60
5 57 66
2 60 62
6 56 68
2 62 64
4 59 63
5 59 66
3 60 63
8 56 71
7 59 75
6 55 64
4 55 67
4 60 69
3 56 65
1 63 73
7 63 70
1 60 61
2 65 68
2 63 70
3 61 73
6 62 68
8 62 70
5 62 75
6 60 73
6 65 78
4 62 67
5 62 67
1 64 72
1 61 67
3 68 72
6 60 67
4 64 76
4 65 75
2 63 68
4 68 81
3 63 70
4 66 79
8 68 85
1 70 71
5 63 74
4 63 72
6 67 78
3 71 75
1 69 76
4 68 79
7 70 78
1 69 71
7 69 79
2 71 74
5 73 85
4 67 80
1 67 69
5 71 77
1 70 75
5 70 84
3 72 79
4 75 83
3 75 79
6 68 78
2 71 81
1 76 79
7 76 90
3 72 83
5 71 80
7 75 85
2 70 79
1 72 82
2 71 81
3 76 86
2 78 86
4 77 87
6 78 85
8 74 91
7 75 91
4 79 88
3 76 81
1 75 81
5 79 93
7 79 95
2 76 81
2 76 85
2 77 85
5 79 93
1 77 82
3 76 87
5 77 84
7 82 94
8 78 95
6 83 93
7 80 92
1 77 86
2 77 84
8 78 91
7 82 97
8 84 99
8 80 88
8 81 95
8 79 95
1 82 90
6 78 87
2 78 85
5 86 100
2 83 93
6 86 95
8 80 89
1 85 93
8 87 96
8 79 94
3 88 94
1 87 89
7 84 92
3 85 88
6 87 99
2 82 86
2 85 94
2 83 85
4 82 95
5 86 95
6 90 102
6 89 97
1 87 92
8 88 98
5 86 92
5 89 103
1 91 92
6 88 96
3 86 95
5 92 101
5 86 91
8 85 96
4 93 106
5 89 101
2 90 96
4 86 90
5 86 97
5 91 104
6 91 104
6 91 100
2 90 101
5 88 102
8 92 108
6 92 105
4 90 95
5 94 100
7 91 107
7 93 101
2 97 105
3 89 99
5 90 100
4 98 104
6 94 104
5 91 101
2 99 102
8 91 105
3 95 100
5 92 98
7 99 110
6 100 111
2 93 98
5 100 112
1 97 104
7 97 105
8 96 106
1 95 96
8 102 113
6 95 108
8 98 112
5 98 111
5 95 108
3 98 106
1 95 100
3 99 105
5 100 113
3 100 112
7 102 113
1 99 102
5 101 112
8 98 108
4 105 118
4 98 107
5 105 113
1 102 107
5 104 116
2 105 113
3 102 111
5 100 108
8 100 110
4 104 110
4 100 106
8 108 120
2 103 110
4 101 114
4 106 117
4 103 107
3 106 114
5 105 118
5 110 116
7 108 115
1 108 114
7 110 125
1 106 109
7 106 120
5 106 115
6 105 119
8 108 119
5 112 126
6 111 122
5 108 117
6 109 122
5 105 113
5 106 113
3 112 124
2 110 115
1 114 116
1 110 111
8 108 121
2 110 113
6 111 122
6 112 125
3 115 119
8 108 116
2 113 122
4 110 121
6 113 128
1 117 126
8 117 131
3 115 121
5 109 117
3 110 116
7 116 130
1 117 126
8 114 123
8 112 125
6 113 123
2 119 124
3 117 124
1 116 120
8 116 130
4 117 130
6 112 124
5 116 126
7 120 132
8 119 131
7 113 124
1 119 122
3 119 122
2 117 123
7 118 128
2 118 127
2 122 124
5 118 125
4 123 129
5 122 133
1 117 121
3 124 128
1 121 125
4 119 127
7 117 126
5 119 130
5 125 134
5 121 127
7 122 131
6 119 131
6 124 139
8 121 131
8 126 139
4 121 130
2 127 133
5 124 132
6 124 133
2 124 127
4 120 129
