300
8 0 15
6 0 9
4 4 11
4 0 7
7 1 13
1 5 8
8 1 11
5 0 13
3 5 11
3 5 14
2 1 5
3 4 7
3 5 11
7 6 21
3 3 12
8 3 17
4 4 10
1 4 7
2 5 14
1 6 12
7 2 16
5 5 15
8 3 11
3 9 14
7 2 14
3 5 13
3 5 15
8 5 20
4 8 14
6 6 12
6 8 19
1 6 12
2 4 6
5 9 20
2 11 16
5 9 20
4 5 12
8 12 21
3 7 11
7 9 18
2 9 11
5 6 20
7 11 23
5 9 14
4 8 21
4 15 21
4 13 24
4 12 19
2 13 19
4 12 23
7 13 21
4 12 16
1 13 20
4 12 24
2 17 23
4 15 25
2 10 19
8 10 19
6 11 26
1 13 19
7 15 23
2 17 27
8 19 30
6 16 28
4 16 25
5 12 17
5 13 19
3 16 26
4 21 28
5 15 26
3 13 19
3 13 19
3 16 23
1 19 29
8 17 31
7 18 30
8 15 23
8 22 32
5 23 30
3 16 26
3 19 31
3 19 25
3 16 21
5 20 27
3 17 24
3 25 34
8 21 31
3 20 23
5 25 38
2 20 22
5 18 25
7 18 28
7 19 34
7 20 34
3 20 28
8 23 33
3 24 28
5 21 30
1 25 35
5 28 34
5 24 36
2 22 32
1 24 31
1 29 35
4 27 39
1 29 34
2 22 24
2 29 34
4 29 34
1 26 29
7 29 36
6 31 46
6 28 37
4 27 31
3 26 29
7 25 35
1 28 37
1 28 30
5 27 33
8 31 44
2 29 38
5 29 40
4 34 40
8 33 41
7 31 45
2 29 35
2 30 39
1 34 35
7 35 45
6 31 45
5 35 42
2 35 42
5 32 43
4 30 38
7 33 46
5 33 46
5 38 48
5 30 39
6 33 47
2 35 37
5 35 43
4 35 48
4 36 48
2 34 41
6 39 49
6 38 45
7 37 47
1 35 43
1 33 42
4 41 54
4 39 47
2 37 45
3 35 47
3 38 47
7 36 46
2 41 50
8 41 57
8 40 50
1 43 51
7 38 53
2 40 43
4 44 56
8 37 46
7 39 51
1 37 40
2 42 48
2 40 46
8 44 59
8 45 61
7 38 50
3 42 53
5 44 54
3 43 51
8 46 54
2 47 54
6 42 55
3 42 51
1 46 48
6 45 57
6 43 52
5 41 54
1 49 50
5 44 54
1 42 52
8 47 57
3 50 59
2 49 59
4 49 56
5 44 53
7 47 60
6 49 62
1 47 54
3 49 55
5 47 57
1 46 53
6 48 58
5 47 57
3 48 59
4 51 64
3 49 52
3 51 62
1 46 52
1 53 62
2 50 56
3 54 59
5 54 62
2 51 61
8 52 60
6 52 65
8 54 69
1 56 57
4 51 61
2 57 68
3 56 60
2 49 52
8 54 68
5 58 71
1 50 58
3 53 57
4 57 61
5 59 69
7 51 65
1 54 58
4 54 62
8 55 72
2 58 64
6 57 64
4 52 60
8 57 65
5 53 61
2 60 67
1 60 66
1 59 65
7 61 70
5 61 72
6 56 66
6 55 62
2 60 67
2 58 64
3 61 69
4 56 68
3 60 66
8 56 65
8 62 76
6 64 73
3 63 66
5 58 68
8 61 73
4 58 67
4 61 67
4 66 79
3 61 67
1 65 66
8 65 74
8 59 73
6 62 74
5 64 77
3 65 70
4 61 71
2 66 73
4 65 76
8 66 79
4 62 75
7 65 74
1 68 71
6 69 78
1 66 68
2 62 68
2 66 73
2 70 75
5 63 75
5 66 72
8 68 78
4 66 77
8 64 73
2 72 83
8 66 81
3 72 83
3 72 77
5 69 79
8 74 85
8 67 84
5 73 78
4 69 74
2 69 79
4 70 74
5 74 79
5 69 79
8 76 90
1 69 73
2 72 75
8 72 83
5 69 77
1 76 81
6 74 83
1 77 78
5 70 83
8 72 88
8 74 85
6 78 85
