400
8 0 12
3 0 6
4 0 10
8 0 10
2 1 12
3 4 16
1 0 6
6 4 10
3 2 5
2 3 6
4 2 7
6 1 8
2 6 12
3 4 14
4 3 11
1 0 7
2 4 11
7 8 19
4 8 21
7 4 19
3 5 16
5 4 15
6 9 17
1 2 6
2 5 10
5 6 12
3 2 7
5 10 24
3 8 11
3 10 22
5 7 13
2 7 14
1 11 19
7 10 17
1 7 13
6 9 20
5 7 18
1 9 10
7 10 21
4 6 16
6 12 26
8 12 22
5 13 21
3 6 18
7 11 27
4 7 17
2 7 18
6 10 23
2 15 20
8 9 22
1 16 19
1 16 20
6 9 23
4 13 19
4 12 17
1 11 18
3 16 19
6 16 22
8 11 24
1 11 18
6 12 22
1 14 18
5 19 31
3 14 22
5 17 26
7 16 32
1 17 24
7 17 27
8 19 28
1 18 27
3 21 32
8 19 34
1 18 25
3 15 27
6 16 23
7 21 32
1 19 23
2 22 31
8 15 28
7 16 31
8 20 37
2 23 34
6 18 31
3 19 24
1 25 33
1 21 22
2 19 28
1 23 24
3 26 33
2 22 28
5 22 31
5 25 39
4 19 27
8 22 31
1 27 36
5 25 33
8 28 41
2 20 22
6 24 39
3 25 28
6 28 35
1 29 36
2 21 26
3 29 38
4 26 39
6 30 40
3 30 37
7 24 36
5 24 33
8 27 42
3 25 28
5 28 39
5 26 40
3 28 38
8 24 39
5 27 40
4 31 41
6 25 36
2 33 43
2 31 36
3 26 32
2 28 30
6 29 39
7 26 36
7 35 44
2 33 44
6 28 34
1 35 39
3 29 39
1 31 33
3 29 33
4 30 34
2 33 42
1 31 36
2 29 34
2 33 41
6 32 38
1 38 42
3 37 46
8 33 46
6 31 44
1 37 42
1 34 36
8 37 46
1 36 43
5 32 41
6 40 52
3 34 40
7 35 47
7 39 53
4 37 44
7 35 42
1 38 46
4 35 39
8 38 55
3 39 45
7 40 56
6 38 46
5 38 46
8 42 53
3 42 48
7 41 55
1 42 47
7 42 49
3 38 45
6 37 47
7 40 47
8 37 48
4 46 51
6 42 52
1 42 47
5 40 51
5 44 56
5 47 53
4 42 50
1 41 45
1 46 48
1 43 51
3 41 53
8 44 57
1 42 52
5 45 59
6 41 53
5 44 53
4 42 51
6 46 61
8 43 57
6 43 53
8 49 61
8 51 64
3 46 51
7 51 61
5 52 58
5 45 54
1 49 57
3 48 52
8 51 60
8 49 60
2 47 54
2 49 59
4 53 62
4 54 66
4 51 60
1 54 58
2 55 58
2 53 61
5 54 60
8 54 63
2 52 63
2 49 56
3 50 62
2 56 67
1 50 51
2 53 59
1 49 59
8 53 68
5 54 60
7 54 64
1 53 57
6 56 66
7 58 71
5 57 62
8 52 67
6 51 62
6 60 66
8 56 73
4 58 64
6 55 64
8 59 75
7 61 73
4 60 68
7 57 70
3 54 61
2 62 65
4 61 69
1 57 58
1 59 65
4 63 68
4 56 62
3 58 63
2 64 75
4 60 72
5 64 71
7 60 68
2 61 70
4 57 68
2 62 67
4 65 75
5 59 70
1 62 68
6 63 71
6 60 68
8 60 76
6 64 79
2 66 75
1 61 68
6 64 74
4 66 71
5 63 74
2 67 76
6 62 75
4 67 71
6 68 77
5 69 83
1 63 71
7 70 77
4 65 71
7 69 85
2 65 75
5 63 69
1 63 66
6 64 75
6 64 76
2 68 77
4 69 75
8 67 79
5 71 76
8 69 79
6 69 83
5 71 84
4 69 78
5 74 82
5 69 78
2 68 77
6 71 82
5 69 76
1 71 74
1 71 79
4 72 78
7 69 77
8 75 90
4 72 82
1 74 81
3 74 86
3 71 78
4 77 84
4 78 91
8 73 85
8 72 87
8 78 93
4 75 80
6 75 88
5 75 86
7 78 86
5 80 90
8 75 87
8 72 86
7 76 91
3 81 85
2 81 87
3 73 78
4 81 86
8 78 92
5 82 90
4 82 87
8 76 92
2 83 86
7 79 89
5 80 85
8 83 99
2 78 89
7 83 92
8 76 90
7 80 92
8 84 93
8 84 97
5 77 85
7 77 88
3 83 88
6 80 92
1 85 89
4 84 88
5 86 100
3 83 86
5 87 98
4 86 91
8 84 93
6 88 101
2 88 99
6 87 95
2 82 84
1 84 93
5 83 95
3 81 84
3 85 89
5 89 94
8 86 102
4 86 90
8 91 101
2 88 98
2 87 96
2 88 94
2 87 98
6 84 95
4 91 96
8 88 98
1 87 94
1 88 98
1 92 101
2 92 98
3 91 99
8 91 105
3 94 103
5 90 103
8 95 111
1 92 95
2 89 91
5 93 107
4 88 100
2 92 95
1 93 95
4 88 98
8 97 107
6 89 96
6 90 104
5 95 105
6 98 104
7 93 106
8 95 109
2 91 100
3 95 106
6 96 103
8 94 103
5 96 103
3 92 99
5 97 103
8 99 111
6 96 102
7 100 110
4 97 108
6 98 108
6 98 104
7 97 104
2 99 106
4 99 111
7 98 113
5 97 105
5 98 109
6 100 114
2 100 109
