200
5 2 16
3 4 10
5 0 8
3 0 8
1 0 4
1 0 3
3 0 11
8 4 16
4 0 11
7 2 15
7 5 12
3 2 14
2 3 14
7 3 12
8 4 16
1 2 9
2 1 3
4 3 13
7 4 19
1 8 16
4 7 14
6 7 14
7 7 18
6 4 15
1 2 8
4 8 13
8 6 15
5 6 15
6 5 18
1 3 11
7 7 18
7 4 18
7 8 19
3 11 19
6 4 13
6 5 11
1 7 13
3 8 20
4 7 11
2 8 16
4 7 17
5 12 25
5 14 20
4 12 17
6 10 22
7 9 21
6 8 14
3 15 22
2 14 21
2 11 20
2 14 19
8 16 31
3 17 25
3 12 15
2 17 19
3 15 21
3 10 17
5 14 22
4 10 14
6 10 21
7 14 27
5 18 24
4 14 23
2 18 23
5 18 29
7 19 26
6 12 23
8 17 32
7 19 32
5 18 28
8 14 26
8 14 26
3 20 31
2 20 28
7 18 34
5 20 30
2 18 22
8 18 30
8 16 24
4 18 31
2 20 27
6 17 31
2 16 18
5 20 25
1 18 27
8 24 36
5 25 32
2 20 22
3 21 29
6 22 29
6 19 34
5 22 28
6 23 35
2 20 31
2 23 30
6 27 37
8 26 42
3 23 31
1 24 33
8 21 31
2 25 29
7 29 42
3 29 41
7 24 34
3 26 36
4 22 29
8 25 38
1 27 29
2 23 30
2 27 30
4 24 30
3 30 33
6 27 40
6 30 38
3 28 33
1 32 36
2 29 31
8 29 41
5 30 40
6 32 41
3 27 36
6 34 49
6 32 38
2 28 37
7 34 46
7 27 34
8 35 50
2 31 40
6 36 48
6 36 43
3 36 43
7 34 46
4 31 40
1 37 45
2 30 33
2 32 36
4 34 39
3 35 40
8 38 49
3 35 42
8 35 44
1 37 43
4 35 46
7 37 46
6 34 49
6 35 41
8 33 41
6 38 47
4 34 42
2 37 40
7 36 50
2 37 48
5 34 40
4 42 50
7 38 51
4 35 44
3 40 44
3 42 54
3 40 46
5 43 57
7 36 44
1 40 44
6 37 44
8 44 59
7 41 57
2 45 50
2 38 47
1 42 48
3 42 46
2 43 47
7 39 55
3 46 55
1 46 54
1 45 54
4 43 56
7 40 55
3 44 49
1 44 48
3 40 44
8 48 61
5 45 55
5 47 61
5 43 55
6 45 55
8 42 52
6 49 64
1 49 50
3 46 53
3 47 57
7 47 55
1 51 60
2 50 56
6 45 59
4 47 59
4 45 57
6 48 58
8 47 56
6 48 60
6 51 62
2 47 51
