100
6 2 14
3 0 9
6 0 6
7 0 14
1 3 10
7 0 13
7 0 12
7 5 18
6 4 12
8 2 10
6 6 13
7 0 15
8 5 15
4 3 13
1 7 8
7 3 17
4 2 14
2 4 6
3 3 7
1 4 11
2 5 16
5 9 16
5 2 11
1 7 17
3 6 18
1 7 9
7 7 21
6 6 15
1 3 9
2 9 12
8 6 23
2 9 19
2 9 16
4 4 14
2 8 18
8 5 18
1 9 10
4 7 17
4 11 18
5 9 14
8 13 25
5 10 23
6 11 21
5 13 18
8 9 23
1 14 16
2 15 24
1 11 13
6 10 25
4 16 22
2 9 13
3 8 16
3 14 17
5 13 24
6 11 17
4 11 17
3 18 22
2 10 13
1 13 14
1 12 22
6 17 30
2 14 24
1 17 21
5 15 23
2 17 27
4 16 21
8 13 22
4 12 21
2 21 26
5 20 27
5 16 28
3 21 27
6 19 33
6 18 28
3 15 19
1 19 28
6 17 31
2 17 23
5 23 30
3 16 26
6 18 28
7 21 30
7 20 34
7 21 30
4 20 27
3 21 26
4 17 29
4 22 26
7 22 29
8 23 36
8 21 31
2 24 34
2 21 29
6 21 29
8 24 33
5 23 37
3 20 26
2 27 32
5 22 33
4 25 34
