450
2 0 6
3 3 7
2 0 11
2 0 2
4 5 10
7 1 14
7 3 19
1 0 1
2 0 7
5 0 9
3 6 18
6 0 8
2 2 12
2 3 9
1 4 8
2 0 3
6 7 21
6 8 16
2 3 12
3 1 10
5 9 23
5 7 20
7 1 15
8 7 21
8 8 16
2 6 14
3 6 14
5 10 21
8 10 18
2 11 17
4 8 16
2 10 16
1 8 13
6 11 20
2 9 16
7 11 25
3 9 14
6 11 26
1 6 12
8 5 17
4 14 24
6 8 17
2 10 19
3 8 16
5 14 22
2 15 26
6 8 20
2 14 23
8 15 23
1 8 18
6 8 20
6 14 20
4 12 17
8 14 26
2 14 19
3 12 15
2 13 20
2 16 25
8 13 23
1 14 23
5 16 24
8 11 21
1 13 14
8 15 26
6 16 23
8 13 24
3 13 17
3 18 21
7 14 21
1 18 21
8 18 27
4 14 19
2 22 30
4 17 25
7 18 32
8 18 30
8 22 36
4 22 27
8 19 27
1 16 26
6 24 34
3 19 26
4 20 33
2 18 24
8 24 37
2 17 25
5 19 30
3 19 28
8 22 32
2 19 24
8 19 31
4 19 26
4 20 30
5 26 37
1 23 25
4 21 25
3 21 33
2 20 26
5 27 39
6 21 29
7 25 41
5 24 34
3 26 32
7 27 38
3 24 28
7 27 43
1 29 38
8 24 39
1 29 36
4 25 36
6 27 36
6 26 33
5 29 41
3 25 33
8 31 45
5 26 36
4 33 38
5 30 35
6 31 45
8 29 41
1 30 33
4 28 32
6 30 37
3 33 45
8 31 45
7 31 42
4 31 39
7 28 44
8 34 51
4 32 41
2 36 43
2 34 42
2 37 47
6 33 44
2 34 36
4 33 37
5 36 42
4 31 37
7 31 46
3 34 46
5 36 45
5 35 46
5 32 41
6 34 43
6 39 47
2 36 43
2 38 45
6 35 48
5 35 49
4 33 46
8 37 53
1 39 43
7 42 52
7 41 49
7 34 41
1 40 48
5 42 50
7 40 50
8 37 47
7 39 47
7 44 59
6 40 50
6 40 48
4 42 53
6 45 55
4 41 48
3 39 47
8 38 54
2 44 51
7 40 52
3 44 54
8 42 57
4 46 56
2 47 49
1 46 52
7 47 57
1 44 54
3 48 57
4 43 51
5 44 50
7 47 57
7 48 59
8 41 57
3 47 50
4 46 57
2 46 52
4 47 59
4 43 52
8 43 57
5 51 62
2 43 45
2 51 59
8 52 62
4 44 56
4 45 50
2 47 49
2 50 57
7 53 64
6 50 65
5 47 58
8 46 61
5 50 62
5 53 66
4 50 55
6 51 66
4 49 59
2 51 61
3 50 62
3 48 51
7 56 66
1 48 50
1 55 57
3 53 61
2 52 55
5 56 64
1 55 63
6 53 66
1 55 59
3 56 66
6 52 62
3 51 57
5 56 70
5 59 67
6 56 68
7 58 65
5 56 68
1 60 64
7 60 71
2 61 66
1 57 59
8 56 71
3 55 62
4 58 71
1 56 60
3 58 61
6 58 73
6 59 66
2 56 59
5 57 67
3 59 67
6 59 69
6 64 78
3 62 67
3 56 61
7 59 68
8 61 70
5 57 65
8 62 73
3 62 72
6 63 77
1 64 74
2 60 66
8 64 76
1 67 77
1 61 67
6 61 75
6 64 74
5 64 71
5 68 75
7 61 75
3 69 81
6 65 74
1 62 65
1 62 67
4 63 74
7 66 78
8 64 72
6 65 75
6 69 77
8 68 84
8 63 72
4 67 73
7 68 84
3 70 77
1 70 77
1 70 74
8 73 84
5 70 82
8 65 80
4 65 73
3 69 76
7 73 87
3 70 82
6 73 83
3 70 75
2 70 81
7 69 77
4 73 80
6 71 78
6 72 79
2 72 77
5 76 86
3 77 82
8 72 82
2 75 81
8 77 92
5 75 81
1 75 79
1 75 79
6 74 83
7 79 87
4 78 83
2 71 81
7 72 88
7 76 88
7 80 93
2 72 83
4 80 85
3 81 84
4 77 89
6 79 88
8 78 88
7 77 91
6 82 97
8 77 92
5 74 88
3 83 88
8 80 93
6 80 88
4 81 94
7 83 90
8 77 86
6 83 91
1 83 91
1 84 88
7 82 91
3 83 92
7 83 95
1 78 85
7 85 95
8 80 94
5 83 94
4 87 95
8 80 96
7 87 100
4 79 91
7 84 92
4 82 91
4 84 93
5 80 87
7 84 96
6 83 91
8 83 97
1 81 91
1 88 95
6 85 95
2 90 94
8 85 99
3 88 91
4 87 96
6 83 94
5 86 92
3 90 93
7 89 105
5 88 99
2 88 96
8 88 103
4 85 90
3 89 94
7 89 104
7 90 99
4 91 97
7 92 104
1 87 95
1 92 93
6 87 97
1 91 98
6 91 106
6 88 99
5 94 103
6 92 103
4 91 95
4 91 101
4 96 106
6 97 103
3 90 94
7 91 100
4 97 104
4 94 100
7 94 104
4 98 104
1 98 108
3 95 101
1 99 108
6 97 112
6 100 109
6 96 110
8 96 106
2 97 103
1 93 97
3 100 110
6 97 111
1 98 107
1 101 102
3 99 109
1 97 98
4 98 106
5 98 107
2 99 105
2 95 101
1 97 101
3 103 111
8 104 113
2 99 107
7 105 115
8 100 109
2 101 111
3 102 107
8 102 119
8 102 116
3 102 112
2 105 112
4 104 115
4 103 113
6 107 113
2 100 109
1 105 106
1 101 103
2 108 118
2 104 107
2 107 118
3 104 109
6 109 119
3 105 113
8 103 113
3 108 113
6 105 116
4 103 110
1 103 111
6 105 114
3 109 121
4 111 118
5 112 123
6 105 116
4 107 113
2 111 118
8 109 119
8 109 122
1 112 113
2 110 120
8 114 125
3 112 121
8 110 121
8 111 119
8 112 124
3 111 123
7 110 121
3 107 115
6 111 122
4 111 122
