150
2 4 13
8 4 15
3 2 10
3 0 3
8 1 13
5 0 13
7 0 7
7 0 9
4 1 9
1 5 10
3 0 12
3 1 13
1 0 1
1 7 13
2 4 15
7 6 21
2 5 8
5 6 13
5 4 17
6 4 16
5 9 14
6 6 15
3 3 6
2 5 14
1 10 12
4 4 11
1 2 6
5 6 16
4 4 16
3 9 15
3 6 14
8 9 23
5 6 12
4 4 11
3 10 19
4 11 17
8 9 20
1 5 14
4 5 17
5 11 17
6 10 17
3 9 16
8 11 27
7 10 23
6 10 18
1 11 19
8 11 25
3 7 18
6 13 24
1 14 16
8 8 23
6 12 26
8 16 30
2 13 19
1 11 16
5 13 18
7 11 25
6 18 25
7 13 20
4 17 21
7 16 25
8 12 26
3 14 24
4 11 18
6 13 19
3 18 28
5 14 23
4 16 28
4 20 30
4 17 22
4 17 26
4 16 24
1 17 21
6 22 34
7 19 31
4 20 30
3 19 22
3 16 19
8 21 34
5 16 22
2 18 23
1 23 26
1 18 21
1 18 22
5 22 29
1 25 35
1 24 34
3 21 33
2 25 29
2 22 25
8 18 33
2 23 28
6 21 31
2 24 30
8 25 36
6 27 38
2 27 37
4 23 31
2 24 30
1 28 31
1 24 29
1 23 32
6 23 35
6 27 38
8 29 39
3 25 36
2 26 30
4 24 32
4 25 31
5 30 41
7 24 31
3 26 36
6 29 41
2 30 39
3 28 37
8 32 41
2 31 38
6 33 48
7 33 46
4 33 42
2 28 31
4 32 45
7 32 42
5 26 40
3 31 40
8 28 40
5 29 39
5 31 41
8 28 40
3 31 39
2 32 40
7 31 41
3 32 44
4 33 37
1 31 39
4 35 39
7 37 44
5 32 39
8 31 43
8 36 47
6 37 48
5 37 48
4 31 35
4 35 43
2 40 47
3 40 50
8 38 54
2 33 37
7 34 41
7 38 53
